0.158588979167246
0.992960941959751
0.6328148808010827
0.6278054437766875
0.37377904118027083
0.8078833553673572
0.14117866609191365
0.05528773067648607
0.7628942364999625
0.9831885888533335
0.2765548592139939
0.1133479196972994
0.4956341128612144
0.8023498559290698
0.5092418772732776
0.9160274360019387
0.13201239099885842
0.7477075813838678
0.32465032075129174
0.38590209801719644
0.3406784066733952
0.23753137575202454
0.985901905186908
0.7063529443185085
0.6814358020634701
0.8153687508183058
0.8079990998296531
0.68947867574909
0.19451293532216785
0.4266048261732921
0.4579984257673736
0.1083468760502303
0.004761119649441814
0.1257434077158086
0.11194278816359293
0.8485326118156564
0.22712293771153558
0.3819638128441727
0.02958845330110471
0.5324554184005791
0.5185648077565586
0.7629083344513368
0.39407125815790967
0.9435794272771566
0.25746980120249674
0.4906696604332871
0.04621621438161272
0.033593901772435486
0.35989225618590304
0.4282667078467782
0.5923016389594099
0.3920845482592986
0.7252715646845912
0.38971296824783586
0.9591986170902729
0.5329021784658435
0.24037659089837726
0.7541100912854548
0.7425456525356289
0.8973439684532076
0.1046624755552853
0.3226996756687789
0.40791541983261503
0.6871003945556469
0.7197441283249035
0.7418587994920914
0.9721236829423293
0.957688165532067
0.28452243302696734
0.6534163242552249
0.7871803608948922
0.14638884358053994
0.2248210545224255
0.5757099265791119
0.0816485188456435
0.050536112071631334
0.0018649884381980453
0.42615444869838937
0.8453901037846175
0.8948452350183772
0.6271239410467846
0.9532950070659004
0.11833723116600237
0.31947361640899197
0.7355632983794194
0.7328492231145785
0.21076410083885322
0.6427067961218994
0.7325394562114532
0.310558774230834
0.9904628823751194
0.8294632530833156
0.3243184003532078
0.21410680067759424
0.47915840341251703
0.6690933906480655
0.3073193652091293
0.8632481649489101
0.546031089927586
0.4330777533330181
0.6497795640076545
0.2557435062879033
0.14078441098087313
0.2815579110456504
0.8577059016346069
0.6879953761466314
0.6978590833109409
0.6761987416766534
0.7230226767024981
0.7005124076990092
0.4285767742818659
0.6018297360888619
0.07404223641821939
0.7577246197008017
0.4467353696914944
0.0059855352659372585
0.30314638095560875
0.0958657886323746
0.6848030230196388
0.6202160363438957
0.4523812090051702
0.0518705984295994
0.33862467209127367
0.3550400691181874
0.6191780168769431
0.7909126424055675
0.5809275879618117
0.6327214453402528
0.15190357434622948
0.9253483950819389
0.22200388368585544
0.45957883090082774
0.8867262312267263
0.6413557460269044
0.4288203145141052
0.09748216269166055
0.7229453294148469
0.7905181456550325
0.421942557594048
0.9477848402870362
0.4089817699777233
0.08861049438886814
0.886789568115877
0.7252683871014797
0.009720451741708103
0.7877162486631367
0.8194579171844574
0.4111697181414796
0.3722344578694109
0.5802349864296497
0.24001012060639493
0.8659860658735917
0.328683690642499
0.31129869417280054
0.26657510435458065
0.29919731439250374
0.3418660035278016
0.5440893431496125
0.38837752338198184
0.3693818375806256
0.648828277989838
0.579715353313916
0.417846373513413
0.36697433427321713
0.16546174326935026
0.5762758008438051
0.018124674897301185
0.3191349253798761
0.07459141978653583
0.16011350642696975
0.10308919494870206
0.46355013347891694
0.7693508869773116
0.43423527053949873
0.790879435268701
0.9811247888044583
0.014116749124839845
0.45103052555403234
0.7574893164834672
0.21480486907292473
0.4417417462314832
0.5327226872478549
0.37273259953153004
0.045930064644450264
0.1378424496374785
0.6533295449256177
0.9483509001177347
0.5854308995414483
0.16438781389833268
0.8069635377779578
0.9456210578253449
0.8250282485050857
0.3505808247887211
0.12898483133566163
0.43135339285778695
0.4204471926341279
0.050187549672236154
0.8099803625594889
0.11521302102958841
0.0820071474375883
0.39703054493437506
0.44484935911711576
0.07705713511103374
0.14440195529441824
0.7695308643754506
0.5103792952323274
0.36028894992083693
0.9808889780221421
0.7702799477525947
0.3923188380829652
0.2404313015645545
0.79091063941967
0.9336836022775077
0.7395066082683242
0.19544270667937935
0.10037836083837648
0.8150675407761302
0.2775882472977387
0.462911265341601
0.02333289993718546
0.17701923226345995
0.7177851485839402
0.4852335278655552
0.7050853357986986
0.5986475147077398
0.389751737182634
0.6864187217745201
0.24488724303429943
0.9202168830165358
0.8725803469052634
0.6141122798581448
0.642529377666971
0.1680344873706463
0.9806560204552087
0.5474262190905976
0.9280593038702866
0.36428113027574693
0.5942072010750707
0.7926545217436549
0.5585017747060007
0.4415906959828413
0.9264525905591434
0.19206675623927338
0.004146078470222747
0.5420727972434014
0.8415880825099897
0.6043827203679729
0.014075478551009657
0.46271756625420857
0.9419149333271983
0.018046356415443388
0.7340457851904367
0.44696390648142725
0.5563888718081289
0.022826111490145906
0.08954648929043652
0.2291063746292591
0.9239909221560035
0.3794305943711974
0.868780964293723
0.8618708839570662
0.9807316721607704
0.983246683980873
0.9173556264946972
0.14259907856449616
0.6903409045878582
0.6616908794315285
0.5652969475747524
0.06835376200806287
0.2786899499541653
0.8309109167786499
0.39687043806607525
0.23693673988115727
0.4734603477252659
0.8070353166844819
0.23708286382370958
0.8665572595508618
0.4998283992984637
0.20123237281733386
0.7007107909835719
0.8696978184902261
0.027722059515628672
0.9798254585347067
0.27418943702940746
0.2872138668585369
0.17428945222602177
0.5618407053308923
0.5561945198073859
0.5468798311513202
0.8550814915795117
0.4096960488374134
0.6949240085979268
0.21405170157054187
0.11369322507271007
0.9741079249171398
0.5009564289630336
0.3989298609218406
0.3076098626088176
0.026434736295903094
0.39465917109496584
0.3669305802792697
0.9735001667080923
0.5634278885979009
0.3015313582361435
0.7245438659556052
0.3944543173829611
0.24429998640475414
0.4176642375704638
0.8233841622913957
0.941349161074714
0.38068277923922667
0.07483867125875177
0.6550925850459249
0.604314009781689
0.6423873451395562
0.9717315914902954
0.42830376677340043
0.7141437081697354
0.7160572604857582
0.5947484491911188
0.7352760549875014
0.5164379627385942
0.8375601098395314
0.994757215055955
0.19616349851470316
0.3399400354537693
0.3306210394982876
0.8522688209711239
0.8595339564269248
0.9580363024122855
0.79594722549394
0.8340738568693997
0.7080709702192569
0.36910623150118105
0.41076269688178335
0.7321016504691897
0.15149711733047277
0.21185021842623786
0.2337071174125629
0.8597248375312274
0.2801838884135863
0.23341013335179916
0.052885082842172415
0.9912595162869211
0.6835708156730131
0.27986741342818244
0.23828758053379362
0.985484392267994
0.49807800954724746
0.5580078352176118
0.07907682034078334
0.5648544953364797
0.5857739295740445
0.6177021670215052
0.571690679058444
0.6735094359230076
0.17553139506703863
0.5382624901589538
0.4491668765776142
0.40129079899104136
0.4920503227586075
0.41459946617119525
0.4729805822175026
0.7206383249919471
0.2742442719486894
0.6782807606330509
0.8223757211372478
0.5805584647892356
0.8021202451649952
0.9271993701251453
0.5745527919344281
0.12942916902946044
0.6379809956736449
0.3333324952502067
0.08782592466106942
0.3535994060721931
0.7730766891758155
0.516170550900085
0.41062987750564117
0.6913938295917316
0.6321083878751866
0.8835562497252966
0.4208030329848278
0.9105981457115606
0.4885967253586839
0.39238176503690436
0.7123511861123472
0.6616311947408977
0.5831709252872388
0.158412925824453
0.08515727585116384
0.6379892464610706
0.037500874545237206
0.31230989494931527
0.8301341474001249
0.21865475338695872
0.18676938128643905
0.8336173241547392
0.9691998763643986
0.9583421786279743
0.47840686923398423
0.1280288175504385
0.8076988512983545
0.8015551615044283
0.15457415751152281
0.5200858941004952
0.6686537765563026
0.9138708178777664
0.8301146653331103
0.19735412185359036
0.588783889641558
0.10890031706239778
0.8278636951261297
0.0355156677075501
0.3123573778367216
0.6595388628749205
0.8538264697761285
0.24294597874645762
0.220329322354596
0.23110152839821152
0.5524245380288169
0.33162201463883356
0.5565266837281756
0.9970659434569148
0.3052263494970491
0.7489566120581432
0.2114432076791123
0.48266498651188783
0.47184476541492104
0.7914683766935801
0.4536336416650302
0.7739809246661776
0.5213113931504568
0.6663764954963536
0.9939001161300227
0.0757944987082888
0.5418481940498493
0.21822175324531556
0.9396698465110754
0.7984981354439059
0.9427938974941543
0.006835048885992623
0.8156634414325994
0.8427521828508073
0.42165422031699196
0.24688656753247984
0.6577642721603724
0.048852684504788635
0.5047254171889981
0.7714316619185869
0.8667210288900722
0.46526448690169353
0.17802142343699578
0.49355808594230943
0.07015761451619962
0.8611596602877825
0.03608887473938893
0.9817732108838872
0.6222782792910966
0.8290937778227616
0.2585309708154474
0.8322611006097408
0.8670348376872409
0.6222159392513301
0.2416596520983908
0.45727173966551593
0.8793739831747217
0.14845134138885752
0.15317168645362933
0.5160648443632648
0.7325586278135414
0.7117228686173549
0.5211441000691458
0.6181080709760761
0.39226167693903624
0.49440640732712204
0.049958325852930696
0.9776483641615891
0.6067505361470185
0.012503150266635954
0.5266298817296242
0.35336399798399154
0.708284487977249
0.2165759892940824
0.8622510288175811
0.884157764291388
0.2757423411744574
0.6558848026465907
0.9807056806749782
0.6153243324100358
0.5573002728284228
0.002370532049450258
0.8764823814225355
0.10606856896782724
0.9717388765498914
0.7591257872840614
0.14166088953187939
0.4304401758967392
0.8851351298016092
0.6162379655533589
0.3991172534224381
0.8209469982831077
0.9224535726659141
0.9050078485274564
0.012413326825935989
0.3945455182213097
0.6671121934796395
0.5666202080447977
0.18871095561921802
0.427756345521915
0.9375721829170551
0.8559004007832144
0.7044363032880805
0.8173175989443131
0.7075391829187985
0.25016959190185617
0.10861863064565125
0.32001829165106355
0.2394793175386235
0.42781673223231453
0.49955651787285327
0.38987560383348785
0.9519258343339659
0.6277717061962674
0.573227128822439
0.91254304013304
0.7940857205271603
0.9170820638532515
0.442984101961141
0.7698509690579126
0.8775758617665542
0.17853920811862933
0.38079047469617733
0.5785772114343589
0.6916997070320916
0.9522127630071807
0.756110919974786
0.3236615264326219
0.8480205725921495
0.16388414547768815
0.2555611975529889
0.8688886481702824
0.15104536365928645
0.19554589655926446
0.588592355958571
0.358201426711667
0.8588399046789087
0.5454827588292591
0.4783528827017183
0.7447871936662043
0.8094994992670707
0.4527856051529252
0.6675042014331278
0.6517849665636061
0.5446997101884823
0.45983993081232966
0.9631981819148319
0.9294530413239229
0.34426865221059955
0.19792041048412023
0.5668859737742289
0.5585176210496512
0.908875225673185
0.8565713247845221
0.6706808222646505
0.39793154300085665
0.2903042786002945
0.6095920152654357
0.14094069148467758
0.7689195069540993
0.32597294898577267
0.5891050930314672
0.74541447614643
0.42780837469585575
0.5702526333323827
0.5366530775136612
0.7331466659626973
0.4820988616302231
0.7428672815352052
0.7644674498581965
0.5115440614472556
0.5339235894113079
0.05145413739278071
0.9120609501075534
0.20484293168476342
0.7836306099421431
0.0597200974194142
0.095030620619731
0.2544187279703298
0.11586157003035713
0.7024027927545812
0.6761173491691831
0.40295885107030804
0.824680151168566
0.9860391966385117
0.5441571218817406
0.4903151228595888
0.056214923349510504
0.33965512503394957
0.32286486287321303
0.5674982006524397
0.5558884038053707
0.09556413492915039
0.2637393528217207
0.3859584832128873
0.7149703327823916
0.7541846735269009
0.7455053058291036
0.9855689819685501
0.6060210507080313
0.2640375092010857
0.02015222649158166
0.5572034482440306
0.27629745094789326
0.2676351199413167
0.3071418904327443
0.5473240198528112
0.7548863122397338
0.22572306506511364
0.6109735898271437
0.6211413600441246
0.7614485107909422
0.9478480302422976
0.6850766975056143
0.8550775307409888
0.7463325924377839
0.011904785763687364
0.17675689520110238
0.28596378426537417
0.37491500707771297
0.8030263762583935
0.5110974381563165
0.558736274231278
0.288678971768896
0.4243099367172053
0.5725108140807255
0.7573823739693798
0.46216995041066444
0.17512260539475755
0.8039176468350149
0.11963182345484014
0.8868421704633244
0.07306925063253955
0.05608498522292493
0.012607740475671925
0.8337271298162564
0.7908817509636983
0.7624489719765253
0.7095344955664991
0.8337253795736506
0.4786480133767491
0.5915389415386115
0.5887788408660791
0.06286489770195425
0.7541758864353791
0.6198263345197614
0.041583681752772494
0.339413514337663
0.4824027735558023
0.0006515240736034711
0.24764678180289945
0.42461186136940876
0.8099031827092851
0.20804646914371128
0.7078054688841707
0.348223233825407
0.025557772291894487
0.08816867611731949
0.7478360879651694
0.8557845017229668
0.45053179192364246
0.5083134476499529
0.8683533333942683
0.21864482646454253
0.3281619062426172
0.3596628102386106
0.8518688482802369
0.8970706559732361
0.5440769588530029
0.7562859738451412
0.8374860064240222
0.20177575261978697
0.11724639261383529
0.7992999380772244
0.5583944041539859
0.5974572884165245
0.07427485458232064
0.6995962856077044
0.47185713916946714
0.5721041167397631
0.22193731937080374
0.42023331343837966
0.2290781726235962
0.766504130846778
0.43835941244856014
0.9729577094964261
0.3005351969590524
0.5597078634889486
0.22138046971260872
0.13200385062939834
0.399710355379702
0.016614685961221287
0.9697591733342807
0.321511080602787
0.5473044163530142
0.5250628763664893
0.32413308911673544
0.007438453290928737
0.3225708040757883
0.4315322105596203
0.5762999119251656
0.8367137828042122
0.565805181279437
0.4154925937933287
0.4876002353090122
0.8082683497215709
0.12151171738147382
0.7169483688047075
0.8539401978165574
0.43762298293668267
0.24520491652678933
0.23448756506148427
0.20964752301673406
0.059583653067236786
0.43915238072264207
0.12571420097989294
0.29122833941837345
0.7070444191017274
0.5616011362765346
0.8776208231104542
0.49466154959073283
0.7852273414802298
0.38519379541199283
0.11213999803191621
0.8877471139713993
0.6692273001039861
0.520313589886694
0.9293209933178346
0.7774166005033655
0.7503958999871176
0.9726575380124721
0.05924981505878091
0.9049869915604327
0.22458491255810564
0.20411229346820292
0.7852890551189639
0.3652473313084792
0.8676891013905211
0.08842669476888554
0.1356493792501834
0.19537401233763785
0.6929676792107486
0.4495263397735608
0.1814310853128388
0.5859506154389807
0.491942183569435
0.5559519594980346
0.6153498428193974
0.8344977277041894
0.9799725016585523
0.7408546535765195
0.3150302243198272
0.5027800869019489
0.7784456269239128
0.6923677925797844
0.51209668239593
0.21718348883243044
0.009775463002808071
0.19118703633669443
0.3922939167779548
0.043625817597070515
0.6377759199137087
0.38527451284384284
0.15633096077448405
0.19464481324693583
0.8542879033979301
0.9264265716998086
0.3276886373726755
0.5201260011954266
0.8924669396872674
0.12679411277162456
0.870262895688437
0.2984984113203013
0.2919299094595451
0.6586178538313683
0.6604864143669618
0.7159050236812723
0.8484662133006045
0.10874221731912004
0.6449806897919785
0.6899019507502772
0.12605082997802197
0.8661221700857764
0.8130915614428083
0.35582809895459233
0.8817640712282064
0.794207980773705
0.9249171333765108
0.09426290193800402
0.36564734507803687
0.8131380892857973
0.2911197388717859
0.2500225219591672
0.722631269350767
0.13794318199954325
0.8255519207522742
0.8842273689339379
0.6781346022741528
0.5729686940987329
0.4858178234812115
0.5182709670929372
0.8360894252319346
0.6581803147817619
0.19450177805548463
0.572502255347453
0.9571083803773058
0.9148312973838865
0.4523329970470008
0.8816569874767074
0.8587302807593585
0.09274178303250635
0.2112966779012686
0.48946549004840156
0.8563590651131224
0.22020617082893623
0.6613024842217624
0.4456325292414377
0.8440816356613244
0.41964087232131353
0.9311287103953707
0.47040710777670325
0.9364712099713479
0.20792743222351795
0.15354009615595754
0.2404982310195265
0.5021796968611049
0.7957709202375345
0.005952032787183259
0.7460529320511153
0.06396177379916335
0.8295452867551215
0.2931997523628743
0.6700270321669137
0.37734640973559996
0.6380624267992525
0.9265177465670257
0.8446658647513299
0.9660933416682116
0.1797847452111554
0.7355035022418951
0.37008545538246396
0.42133955816010626
0.5552664432106885
0.8253943162823338
0.2049066246322322
0.5944651471788628
0.4431859562433843
0.36520811866171543
0.7037596241438973
0.36883276882552596
0.32941705289410805
0.919344307214112
0.43028417054171686
0.5286989329305399
0.09606489021805698
0.3343329930990586
0.5223184841560878
0.7827281869356252
0.7948271652557103
0.30863734497092765
0.5225740547990044
0.039960945337853215
0.19762898828032627
0.003608355148093323
0.7073378046883577
0.30000115991941345
0.4280404761116672
0.0760666093951744
0.06755971864659704
0.8916758765955629
0.060444486785379614
0.46701978802356625
0.8571417281741907
0.8308624283023854
0.19657972156929115
0.40227450277360255
0.6592732810848305
0.6688721803024921
0.5920925573876835
0.8293644419277894
0.8051213312488771
0.28830194343937066
0.5461166542053733
0.4920503548342514
0.758873910873534
0.8420578010615458
0.6317105546173647
0.8857352283839994
0.3348419419792126
0.2151982996759797
0.29080070794921153
0.1384357669344769
0.003764310521981673
0.5826142104084896
0.9748848977891741
0.7220207207179864
0.7693016919261497
0.43208193550205143
0.2203303036599935
0.22034271693691743
0.9086807858987326
0.07191869043174803
0.6364103351088963
0.9189861721232252
0.7026456265558734
0.8263627265039742
0.05588774053928092
0.3643684019855006
0.012745246567178237
0.8764908135506788
0.9844005108361664
0.25179859077502975
0.6799129868712269
0.8310146476367578
0.6214334061425979
0.26592751693579886
0.592509147149107
0.6218595583276522
0.46809214617021844
0.27559714109815114
0.45059726526201893
0.3164992162616469
0.37687269490043573
0.44306836181323994
0.3110167106858466
0.45217180076742525
0.11992633233327044
0.1831976600587919
0.8994374487765022
0.9890942201788718
0.06483752640963414
0.3545601295058647
0.06532343518574757
0.8377665618122546
0.7062443034728058



Array of 1000 random variates:



[3.0398377694530736, 2.348154980485691, 3.850022546227037, 4.575417103733431, 3.810617260468859, 3.699170697548384, 3.6392365501441377, 3.0135746013010256, 3.3369060906008396, 3.152816994606484, 4.530716271549192, 3.578206819803204, 4.7304730511437665, 3.1776138844998707, 3.0455042866876862, 5.13176006066482, 2.506353582100036, 3.8869178879359993, 3.692373303253629, 2.676891133222787, 5.233567234499827, 2.8999083553278937, 2.8859055108093177, 3.3272878680525757, 4.213029565362411, 5.49208956754195, 3.7390737565544403, 4.845343986719736, 5.171036346571131, 4.751368788409487, 2.732832992080844, 2.8688183901645554, 3.531805469582137, 4.703079492995988, 4.239283321539692, 3.117507343143739, 3.019507086358287, 2.346128968984248, 3.712442808166314, 4.0019321009686095, 3.6535267164827543, 3.374089648121237, 2.77248047036968, 3.606981894649006, 3.5926851565291105, 3.6833512028117172, 4.086747492140213, 2.7103920577071587, 3.3699010011006845, 3.6223557058580624, 3.2552801867276067, 4.13476460088062, 2.9688412941390885, 3.5971407632324714, 5.43231937810656, 2.7964646361697323, 5.709365011598762, 3.900899852225481, 3.8866295462745417, 3.2587135308697213, 4.481645714731995, 2.751474992509834, 2.4702668632871596, 4.313207433618333, 5.550848651610621, 3.053588336733634, 2.673343655787442, 3.539839304910058, 4.459934505012478, 3.5732537271645666, 4.996171943021746, 2.726670189284956, 4.260026142899386, 3.1532130127133677, 3.2853775909357776, 3.187197283860943, 2.974743814039411, 5.58868851492196, 4.122830676742799, 4.044809376240169, 4.511519234192014, 4.482103164887626, 4.0696487648588615, 2.8820724127239616, 3.3768831352910533, 3.4497021956658633, 2.6583217330461766, 2.138001734038987, 2.709206338707738, 2.669157046330958, 4.651812825230813, 2.9531483362237707, 3.2766868990382454, 2.3440258903112072, 3.631343212030698, 3.5964146973903137, 4.313257581435755, 3.3034939454721997, 5.17717141962975, 3.0149769874304084, 3.5277613232536478, 2.4299591347168366, 2.3665727855279792, 3.2284854455065255, 3.3806872073311554, 3.788127414951964, 3.2990769316975324, 4.184306957719751, 3.293813683238722, 5.300273914365968, 3.6324751620289435, 2.9805643087495635, 4.282245970875183, 4.242316248703296, 4.890102536915455, 2.6470316083632555, 3.1491047209736633, 3.3344766063662807, 4.062270590270087, 4.166132376614616, 4.239973180291021, 5.421626587149748, 5.2874398175485835, 3.069858228058514, 3.960636347058892, 4.401927514390761, 2.7652159004634966, 2.948305972821906, 3.743568994839271, 2.571484098976143, 2.4496047689766263, 2.0863710238030797, 3.3758531642418848, 4.63789913934959, 4.876675834952584, 3.8846955993430674, 5.251361291937696, 2.688003578961628, 3.142323215776127, 4.218640850516952, 4.209522599242018, 2.9181810297296567, 3.9293676215858095, 4.208484852014206, 3.1236664468059354, 5.661702185199832, 4.569461303214689, 3.152513530188158, 2.9254335214970206, 3.4999801682687, 4.007293470622627, 3.1169169943460786, 4.718976182651907, 3.6659848070612377, 3.3917310414752504, 3.9499645778894097, 3.011509089097783, 2.750424975546185, 3.0637941033619263, 4.6932753999466, 4.065043802500837, 4.095875266620196, 4.028803637412, 4.176890601315977, 4.1042544718206795, 3.3813975657580992, 3.8141264522087157, 2.5442140623623004, 4.294918018513368, 3.4233402312874004, 2.1547324822516236, 3.1082456140721955, 2.619244018565782, 4.055170001320338, 3.8651914456154968, 3.436520822800006, 2.455502353142547, 3.182819861119152, 3.2180008679760967, 3.862276024020715, 4.416002433356291, 3.7574860213460743, 3.900632796312906, 2.7794961817641686, 5.053522710776042, 2.9423457617793067, 3.4534230761294356, 4.834116118440913, 3.9254564242520362, 3.38195564861274, 2.624442672121823, 4.176636062926044, 4.414508829371917, 3.36624046107633, 5.208430725359071, 3.33687800499727, 2.5953502981904624, 4.8344421152900745, 4.1842964573526205, 2.1971847026694324, 4.4039407855463635, 4.5280947741833, 3.3418120114818355, 3.2553349010185104, 3.755633683454458, 2.9798165554967824, 4.731864672238448, 3.1617266318604877, 3.125210325967064, 3.033335417047449, 3.1000634097811806, 3.1897316929399104, 3.660998528815202, 3.29085443000635, 3.2491059727731253, 3.947182262322847, 3.7542449465195435, 3.3569253665779613, 3.243859947549582, 2.813539779652723, 3.7450741941530894, 2.2692558255436728, 3.141612185961904, 2.546228596053102, 2.8002837157582796, 2.642150122475117, 3.4627971310411545, 4.336332558390271, 3.394395127129592, 4.415876653547588, 5.524077176060549, 2.2376278529536453, 3.433361401881517, 4.294090212760829, 2.926940923841266, 3.4117382193405934, 3.6320203225057566, 3.256424084224816, 2.4286260124838446, 2.7425427924031816, 3.96038105007514, 5.212733083009845, 3.7695674846562564, 2.810895341948226, 4.478015260699205, 5.192195997722306, 4.550979290024131, 3.2084000819359257, 2.718289165547307, 3.3877673752694695, 3.3628360520455947, 2.448051558069989, 4.489955083685874, 2.678860872431424, 2.572737801921921, 3.3100867187235385, 3.418952210710811, 2.555183339487178, 2.7600051454942083, 4.336981771749151, 3.5760675633978427, 3.2293443734469713, 5.521113516859899, 4.33968658772843, 3.299597447971059, 2.9806758925650296, 4.415994846295013, 5.1079255789622104, 4.2319726527058155, 2.8841780514791786, 2.6336508844415087, 4.510305564658833, 3.0556934547457297, 3.4612867795080144, 2.3055022090734236, 2.841473070902355, 4.1597341993633865, 3.5146031170830407, 4.118783380252126, 3.805408962128223, 3.2938996408469268, 4.060161001859753, 2.9897216639728557, 5.021533136073801, 4.763458113472561, 3.8481048720483, 3.928853586055214, 2.8198401975278995, 5.518203617139465, 3.6695739936842386, 5.070866880605066, 3.238003179456747, 3.7933025610430526, 4.42261427067564, 3.6982661527604908, 3.411388084666629, 5.0605486104697714, 2.8765084283434437, 2.128780098931826, 3.655831398324945, 4.621253101588213, 3.821145402835626, 2.2372802440238937, 3.460829031957577, 5.165122284359188, 2.268673455446893, 4.213536852405078, 3.42387245614219, 3.6927649581582607, 2.3021662554961813, 2.598486388451522, 2.9573011535128515, 5.044956056441403, 3.271111422658369, 4.74515800657002, 4.712541498721141, 5.519146660539043, 5.551625388509201, 5.004142338452109, 2.755245863449767, 4.072330644289405, 3.985127932889619, 3.7160480239061564, 2.5228910479557394, 3.057939395500151, 4.575546070012722, 3.3097296152232025, 2.973522963018659, 3.486342141957898, 4.478298255312094, 2.9738231129393258, 4.734570078831048, 3.550089959117185, 2.8971786284064818, 4.104882455308607, 4.7495496098935845, 2.3329988559477566, 5.507969007496968, 3.048775380346811, 3.075374622674289, 2.8349597648414484, 3.7069863637498157, 3.6922595981542097, 3.6681676676518618, 4.6812801279097, 3.3384877580685375, 4.086649039819177, 2.9253144364388612, 2.6743685196469658, 5.442590903380361, 3.552854141567447, 3.314326589300569, 3.1175216134905384, 2.32517525303075, 3.3048024289747495, 3.2437646986063102, 5.436086886565942, 3.7111432249209675, 3.104896599227192, 4.18190385058085, 3.304346425928497, 2.9885342409947246, 3.3565119351216213, 4.544187494042157, 5.161066112793486, 3.273865988413394, 2.5471331511021855, 3.9655740417874874, 3.820956199930866, 3.928442166309295, 5.417573264593344, 3.380772098743755, 4.147899705209468, 4.154109192240532, 3.7947747031864125, 4.217673615706151, 3.591111366804835, 4.603834292812769, 5.749174524163633, 2.8858069733631657, 3.1856227021675347, 3.1658250713795826, 4.668544349838676, 4.7016962902013635, 5.290377303736293, 4.435189054846331, 4.588931710523122, 4.1283300618514716, 3.2485049115097757, 3.340893451285075, 4.207019187394989, 2.778452612123494, 2.9205437923884725, 2.9668652799900572, 4.702578730856754, 3.0609876932824926, 2.966250761141846, 2.4599351382191728, 5.676139220409531, 4.0513722233520735, 3.0603416799121343, 2.976294178070921, 5.5826424880464325, 3.545806876907803, 3.696978945517723, 2.56241202099807, 3.714885986222516, 3.7704904474051997, 3.858137727177133, 3.7329067396115634, 4.020634756058421, 2.837929340856468, 3.6460989574554, 3.4290084634389344, 3.3196062953163947, 3.5311143957451754, 3.349564864791885, 3.4851972217706675, 4.169060323195591, 3.048886864822745, 4.035151183321376, 4.540037210627261, 3.7564986243531804, 4.459040215313827, 5.065330240941616, 3.7404941919112353, 2.7195253130487083, 3.9157188164942185, 3.1715710974115825, 2.592708780637066, 3.2148954908058327, 4.349824333626806, 3.5904453960951663, 3.3405937749316474, 4.075610734570778, 3.8988814061320194, 4.817914976282822, 3.363645774145275, 4.964228668353255, 3.522735521649779, 3.2997372684205066, 4.142101787865698, 3.984950208280394, 3.763496278439686, 2.796022426378687, 2.5836343918967213, 3.9157425680911793, 2.387302850726597, 3.127321587680198, 4.5722779573045385, 2.9352106786964285, 2.8643364652412604, 4.586991822336781, 5.392051413664596, 5.292968277611034, 3.4981771507174635, 2.715622295769042, 4.480916794767401, 4.4568415305138425, 2.7863184024592655, 3.6002147448586035, 4.005970240612149, 4.983363297206517, 4.572196086291021, 2.888491129620528, 3.7786055450908087, 2.6600009607944455, 4.562768056823658, 2.3769120200128944, 3.1274207641982543, 3.9787296950924764, 4.675582255220636, 2.9857910097915434, 2.9387850070268398, 2.961460406669378, 3.6824785775198974, 3.1679449468038237, 3.6931233680012507, 5.812360242706875, 3.1125644931816376, 4.264338553950603, 2.9196590839634267, 3.508410113630787, 3.4824887656614227, 4.418108891333844, 3.4394539058982674, 4.353115394447483, 3.6032807252006926, 3.99912967585509, 5.729447590216372, 2.5506160139635927, 3.655256587299623, 2.934284224945098, 5.149140527544592, 4.445000844156779, 5.1714631993265785, 2.1653487089274375, 4.512707593373513, 4.626328348625367, 3.365583678270252, 2.9937536264738456, 3.973468792721037, 2.4420528679006104, 3.562112596174298, 4.343853853979983, 4.735346824888683, 3.4668544934844983, 2.843851701276938, 3.534781354789745, 2.5297456541254477, 4.7092312071689175, 2.3799414414848106, 5.532323328149294, 3.870995385513023, 4.567912479585532, 3.0171107378558903, 4.58124463254474, 4.73683653165827, 3.87081970491364, 2.983177811178407, 3.447993118345131, 4.796873987521116, 2.770587675449997, 2.782743090556868, 3.5901821920234673, 4.20854906116927, 4.1400737711963576, 3.6028619565885966, 3.8592750881332076, 3.299470445129036, 3.536846916638242, 2.4470271841976983, 5.482100752982849, 3.8276755384529273, 2.2236349728162925, 3.6166323365362807, 3.214388393154548, 4.129014659524824, 2.9307545096191205, 4.714314325276576, 4.820972083238338, 3.051934209365993, 3.967911820751641, 5.518822452830287, 3.8514870232927216, 3.6951362890489756, 2.097376219878372, 4.782538943978259, 2.651363397706157, 5.417648318108977, 4.2998557259481585, 2.752757303602906, 3.385670661672648, 4.825956371176654, 3.8540399786203627, 3.314745271127757, 4.534177357043934, 5.035346109732081, 4.932336280624595, 2.222830220804414, 3.3045494288812707, 4.001337027349452, 3.7195269123573445, 2.8688174851353256, 3.379518392787879, 5.134474838612222, 4.6850113344209285, 4.116714477158858, 4.5193957947283, 4.126626090452198, 3.000339202980156, 2.659146814133699, 3.1434670489932666, 2.9787324814036236, 3.379656661196433, 3.549424193066911, 3.2941742934922535, 5.2404672568003345, 3.8865337651987932, 3.7369767004887615, 4.975556971616518, 4.428067637054928, 5.002495496871829, 3.4146198004033708, 4.338137078064184, 4.787939911224964, 2.845078003781022, 3.2741030276905416, 3.7512062204844807, 4.076564657802374, 5.242737268899472, 4.289249006926324, 3.1511297532515568, 4.649535957941047, 2.8096521363590368, 3.0111430898478706, 4.7456730003876135, 2.7772911003203022, 2.8844114349311964, 3.778088271668483, 3.2248274144731113, 4.698492741528847, 3.6645756501121918, 3.4980476807941803, 4.249984664065612, 4.488045632700791, 3.4374675147103213, 4.002514184580409, 3.955842373681343, 3.662564765017389, 3.4540383289899976, 5.3354536757892514, 5.079911143360096, 3.194866104180978, 2.8897649363379525, 3.720226258000752, 3.698307460279678, 4.954295791381817, 4.6880761826288335, 4.012078942003935, 3.312097195955605, 3.0817216279462873, 3.835537984437063, 2.7508413720212213, 4.334777517401711, 3.1560020020803936, 3.7794732868928613, 4.252136651152945, 3.3796375243776424, 3.729104053460087, 3.6420001972357876, 4.210519626135109, 3.507047200519568, 4.24341449921231, 4.318812740441553, 3.5789524451938304, 3.635065132595761, 2.4536700889094663, 4.9727373273065165, 2.905191541464597, 4.388655008791015, 2.488753915255578, 2.6165407387017696, 3.0088505111987396, 2.680768888920042, 4.11024697726263, 4.028555907470414, 3.323342796106251, 4.549538629960381, 5.5906961515721365, 3.6611724010908557, 3.5269010279236834, 2.4741937298172996, 3.185015364235072, 3.1494523954998677, 3.721838111070523, 3.6914638503294883, 2.6182689865395172, 3.0276057182568543, 3.285502219296293, 4.150579548450029, 4.282506501416326, 4.252448475709298, 5.583860340297396, 3.8256616198246363, 3.028207630135145, 2.283917075862525, 3.694884249962351, 3.053064203511505, 3.035480045487263, 3.1165476742614477, 3.6693108826430185, 4.284959401902336, 2.95020643034051, 3.839371174385967, 3.8677937061647847, 4.3080727348645595, 5.208909842627006, 4.056014498528183, 4.681262106744432, 4.255291173075979, 2.2182181089065467, 2.840849321105993, 3.0728111456867855, 3.2612010086412977, 4.462572445641982, 3.577845846746289, 3.69887751103409, 3.078381897171835, 3.3716391496992775, 3.7350783167996084, 4.293714117632264, 3.459535358429087, 2.836953058169352, 4.466054682206754, 2.691756672406823, 4.834712930458718, 2.5406264907772815, 2.473645374612378, 2.2245683902571503, 4.587458162670952, 4.415885424460837, 4.311624349772334, 4.133027570315509, 4.587450728251863, 3.4987555418394205, 3.786059462962778, 3.7785919083592385, 2.50145746659893, 4.282475804311494, 3.8640964474576895, 2.4078415464504443, 3.1845004301282436, 3.5077787583502196, 2.051049939220472, 2.9952824359002816, 3.3723284711427315, 4.489648449039569, 2.912242224726988, 4.127479139397921, 3.203337490133084, 2.319735967897855, 2.59386421383114, 4.260469332142153, 4.684482619147737, 3.4321957829857257, 3.570959319360714, 4.743114961792933, 2.935189449180309, 3.160623814094266, 3.227988766773, 4.666743152788197, 4.888626017795465, 3.6609667608680794, 4.289863071605579, 4.603515870870086, 2.8983891197466427, 2.6848252116090214, 4.44809770182743, 3.6979862836741892, 3.8021572988492314, 2.5450682694207054, 4.101357176110381, 3.4825182562794237, 3.7340011917207807, 2.9422044775329903, 3.3623494851024245, 2.957242231879886, 4.326097246003023, 3.403909275349323, 5.430344414542535, 3.1028328255878344, 3.7014122513742014, 2.941021720711289, 2.7266466834147067, 3.3160708400847136, 2.2577959345003045, 5.397596547164086, 3.1466042978993336, 3.669260416999825, 3.612690744037939, 3.1521230836640473, 2.172492936561805, 3.148833510457423, 3.38817813140242, 3.74513835082992, 4.600201940868093, 3.717383557264437, 3.3515874803044645, 3.520323170997508, 4.483167839429441, 2.6971706172278744, 4.157007983103695, 4.676097576782446, 3.402207821098884, 2.9903634010337607, 2.9684783220320097, 2.915745648128855, 2.488195260391728, 3.405742605035442, 2.709123969359076, 3.0836221220528506, 4.1250421415991045, 3.7063595825235414, 4.788162501539687, 3.5374684966662446, 4.394611603929677, 3.2838125147449624, 2.6697462147169366, 4.839381788724987, 4.007696710148736, 3.600784102803653, 5.079050446448892, 4.36568032687616, 4.269321173598467, 5.427191529522882, 2.4868256980019887, 4.932219076179571, 2.9478078129201206, 2.9035757709637924, 4.39484226987737, 3.2401028960669116, 4.7399481029283965, 2.594732527339427, 2.736612189011785, 2.8840226520573733, 4.0805240690566045, 3.4298474903778042, 2.8518945599376457, 3.7709659906739352, 3.5308516048712706, 3.6916290406384884, 3.8515582655870717, 4.590735203182267, 5.509765382599952, 4.236553330241664, 3.133009014984164, 3.557329543885092, 4.369462519010051, 4.078649826543171, 3.580322374519936, 2.9320589870441256, 2.19774188228909, 2.8744987966525612, 3.2995420761166185, 2.4177358859234888, 3.9151285504771534, 3.283990823676421, 2.7907742048764215, 2.8823713804219535, 4.677674336925719, 5.0603824503542425, 3.159623906675756, 3.6003150236635473, 4.864043696371735, 2.71216321941427, 4.752263949491417, 3.0986177321565527, 3.0850658521185323, 3.975997590410629, 3.9815443954358423, 4.153614418431315, 4.65151735628791, 2.6595216973508, 3.935967121750175, 4.070964854908892, 2.7100727567736196, 4.732508793335953, 4.502368115094266, 3.2197009490803166, 4.808853012738762, 4.428534368585956, 5.050792752091583, 2.614045281515961, 3.2409726606893585, 4.50255453235504, 3.0833987016497146, 3.0000450442564985, 4.175602902931821, 2.742814060178032, 4.553149299003968, 4.821326350174594, 4.03470491459675, 3.736291610914691, 3.5160140664195656, 3.595681303386601, 4.5975282900476095, 3.974700954767702, 2.8820471145136968, 3.735055643988011, 5.282574439072366, 4.9890477600829195, 3.4364079818668514, 4.80831373664059, 4.697987468997438, 2.609070711929268, 2.9193403676577434, 3.5248405870693538, 4.687105785433369, 2.938522606715334, 3.983971679430358, 3.420773439749283, 4.632147532785751, 3.3610021727662907, 5.090904034078056, 3.4790647158882555, 5.126876022352023, 2.9119812108229377, 2.7836838550230762, 2.9808123796517387, 3.5558552338973985, 4.434513188445976, 2.1542988371593674, 4.254329694533754, 2.505813300731261, 4.569805412211841, 3.0876808259317614, 4.010106632505893, 3.266532772617751, 3.915953244668208, 5.06096483495255, 4.634712622564743, 5.362128617994614, 2.848020625247182, 4.218439455674531, 3.250641068283293, 3.364867118705638, 3.6898479094501724, 4.552495870606238, 2.9053322586370864, 3.794004026782087, 3.4150882945293106, 3.2400176493210298, 4.114559862983385, 3.247908654478618, 3.1632773548916164, 5.016197014931009, 3.385312647083901, 3.621846765905628, 2.6198867322924633, 3.173694269401964, 3.6058032265231525, 4.385298245256265, 4.430900252714482, 3.1196611552893874, 3.6064437874969495, 2.3998046790014005, 2.889109640663796, 2.1201391717649716, 4.125981231753613, 3.1017270520244233, 3.380169034716172, 2.55160351483715, 2.519845048631213, 4.859873041782958, 2.491709209941728, 3.4710155113727557, 4.690687485009896, 4.575341844381125, 2.8867462355584967, 3.321809198970923, 3.9779414877452153, 4.006627521919174, 3.787560325941564, 4.569046927091413, 4.470770120284895, 3.077607713066647, 3.666204775577874, 3.5311144736968902, 4.29896705807395, 4.623298729839531, 3.897745651784346, 4.829027216630546, 3.174774929983551, 2.9277894150635255, 3.0827424685829565, 2.7441391454142883, 2.1227079544606897, 3.762003245065327, 5.4510180089202285, 4.173596060181603, 4.3361551463894825, 3.3894412908391844, 2.938787097610515, 2.9388135425885533, 4.953180737082466, 2.5363532061309897, 3.9112022647720903, 5.014015246303829, 4.111018136315353, 4.556515576131038, 2.4728117618641945, 3.2381927699106163, 2.2257896947797065, 4.782580500652362, 5.5673409310253605, 3.0035993407590427, 4.040141801674091, 4.575983065985904, 3.8686156784172345, 3.032025977746703, 3.788690380292548, 3.8698156652373545, 3.473560955424141, 3.051638708227537, 3.4323487742966776, 3.136084951528723, 3.265493159417082, 3.4148153531631205, 3.124621855864895, 3.436030735209391, 2.6926076301435624, 2.856031915430241, 4.9014779862551805, 5.638241298855801, 2.5092642787772736, 3.216965963929003, 2.5111689943091133, 4.6047217989759375, 4.122483459906057]