customers served     | total arrivals       | total queue          | dropped customers    | clock (min)          | response time (min)  | server utilization   | drop rate (min^-1)   | drop rate (%)       
------------------------------------------------------------------------------------------------------------------------------------------------------------------------------------------------------------
48555                | 48950                | 633.1385920396733    | 395                  | 1440                 | 0.10869399585652702  | 0.6450510560113842   | 0.2743055555555556   | 0.8069458631256384
48950                | 49402                | 672.1571390896383    | 452                  | 1440                 | 0.10917206075976854  | 0.6488075724928823   | 0.3138888888888889   | 0.9149427148698434
48615                | 49002                | 606.9499895392878    | 387                  | 1440                 | 0.10765644327233737  | 0.6426787886075948   | 0.26875              | 0.7897636831149749
48626                | 49033                | 648.2464966806428    | 407                  | 1440                 | 0.10855934271773227  | 0.6431271286587814   | 0.2826388888888889   | 0.8300532294577121
48710                | 49122                | 622.6271912622287    | 412                  | 1440                 | 0.10744777352574249  | 0.6403728932160285   | 0.2861111111111111   | 0.8387280648182078
48450                | 48758                | 582.4376882424904    | 308                  | 1440                 | 0.10663770786885134  | 0.636737305181977    | 0.21388888888888888  | 0.6316912096476476
48333                | 48687                | 619.4447493926091    | 354                  | 1440                 | 0.10838322186074692  | 0.6414967467217492   | 0.24583333333333332  | 0.7270934746441555
48400                | 48787                | 614.4944147699171    | 387                  | 1440                 | 0.10775978593529711  | 0.6390798969845692   | 0.26875              | 0.7932441019123947
48717                | 49071                | 605.9249336182402    | 354                  | 1440                 | 0.10724707131387567  | 0.6415196642494195   | 0.24583333333333332  | 0.721403680381488
48291                | 48668                | 609.3559815296048    | 377                  | 1440                 | 0.10807380479269636  | 0.6401802576027357   | 0.26180555555555557  | 0.7746363113339361
48589                | 48977                | 629.5464094554882    | 388                  | 1440                 | 0.10819352225473045  | 0.6427231942212212   | 0.26944444444444443  | 0.7922085877044327
48559                | 48923                | 589.9155380806842    | 364                  | 1440                 | 0.1070499037931607   | 0.64005868560806     | 0.25277777777777777  | 0.7440263270854199
48977                | 49320                | 615.831493730373     | 343                  | 1440                 | 0.1077384125824618   | 0.647337248900149    | 0.23819444444444443  | 0.6954582319545823
48602                | 48947                | 621.1543740112647    | 345                  | 1440                 | 0.10821600054712152  | 0.644157442653142    | 0.23958333333333334  | 0.7048440149549513
48821                | 49257                | 654.8791362621232    | 436                  | 1440                 | 0.10947689537757394  | 0.6514393911406035   | 0.30277777777777776  | 0.8851533792151369
48633                | 49036                | 660.3032917315031    | 403                  | 1440                 | 0.10934261766669724  | 0.6468172157555123   | 0.2798611111111111   | 0.8218451749734889
48587                | 49048                | 650.0499787939116    | 461                  | 1440                 | 0.108819141892161    | 0.6440570134037208   | 0.32013888888888886  | 0.9398956124612624
48513                | 48865                | 575.5924129452433    | 352                  | 1440                 | 0.10647653184256989  | 0.6375334539695323   | 0.24444444444444444  | 0.7203519901770183
48713                | 49097                | 624.2162858397132    | 382                  | 1440                 | 0.10753946449784842  | 0.6408720255428593   | 0.2652777777777778   | 0.7780516121147931
48096                | 48526                | 639.8685390100982    | 432                  | 1440                 | 0.10946843487994312  | 0.6423214855702348   | 0.3                  | 0.8902444050612043
48593                | 49011                | 625.2018959366542    | 418                  | 1440                 | 0.10746450702246221  | 0.6385020210721606   | 0.2902777777777778   | 0.8528697639305463
48419                | 48795                | 623.0980944174007    | 376                  | 1440                 | 0.1089072053562798   | 0.6457100482448992   | 0.2611111111111111   | 0.7705707552003279
48656                | 49064                | 618.899984964075     | 408                  | 1440                 | 0.10728623611797798  | 0.6391374531399844   | 0.2833333333333333   | 0.8315669329854884
48275                | 48630                | 605.375285026159     | 355                  | 1440                 | 0.10810057515176248  | 0.6407536368363485   | 0.2465277777777778   | 0.7300020563438206
48320                | 48699                | 621.6978801137229    | 378                  | 1440                 | 0.10754242565688578  | 0.6353037688852208   | 0.2625               | 0.7761966364812419
48739                | 49142                | 597.8149798724407    | 404                  | 1440                 | 0.1069100776650691   | 0.6407440660638584   | 0.28055555555555556  | 0.8221073623377153
48594                | 48951                | 643.574232354862     | 357                  | 1440                 | 0.10908846574522961  | 0.646884644453357    | 0.24791666666666667  | 0.7293007293007293
48690                | 49022                | 604.4928056650024    | 332                  | 1440                 | 0.10781000151837446  | 0.6451022144093131   | 0.23055555555555557  | 0.677246950348823
48731                | 49143                | 641.7782506937801    | 412                  | 1440                 | 0.10849384651084425  | 0.6452022577394075   | 0.2861111111111111   | 0.8383696559021631
48557                | 49012                | 646.3510405041816    | 449                  | 1440                 | 0.1089207225185152   | 0.644865083645157    | 0.31180555555555556  | 0.9161021790581899
48549                | 48909                | 596.6797381000142    | 366                  | 1440                 | 0.10755267607559843  | 0.6422547014878065   | 0.25416666666666665  | 0.7483285284916886
48544                | 48936                | 620.0450563897175    | 392                  | 1440                 | 0.10839000869731644  | 0.6446923831705654   | 0.2722222222222222   | 0.801046264508746
48707                | 49130                | 659.4613098681948    | 423                  | 1440                 | 0.10893479131764824  | 0.6452993032617098   | 0.29375              | 0.8609810706289436
48876                | 49259                | 611.9045184018978    | 379                  | 1440                 | 0.10751111560914078  | 0.6448537979274842   | 0.26319444444444445  | 0.7694025457276843
48224                | 48589                | 618.6744768728677    | 369                  | 1440                 | 0.10840394420356098  | 0.6401555294017264   | 0.25625              | 0.7594311469674206
48281                | 48715                | 628.8093201174561    | 434                  | 1440                 | 0.10889822183403153  | 0.6428176162560223   | 0.3013888888888889   | 0.8908960279174791
48893                | 49223                | 623.5884541699197    | 329                  | 1440                 | 0.10848069819442543  | 0.650106348978482    | 0.22847222222222222  | 0.6683867297807935
48656                | 49113                | 664.6328275954074    | 458                  | 1440                 | 0.10937115112602656  | 0.6467980645797341   | 0.31805555555555554  | 0.9325433184696517
48603                | 48979                | 614.9268891780303    | 376                  | 1440                 | 0.10729443795276139  | 0.6388821785949973   | 0.2611111111111111   | 0.767675942750975
48867                | 49234                | 619.7162948854821    | 367                  | 1440                 | 0.1075353758263571   | 0.6438060518989115   | 0.2548611111111111   | 0.7454198318235365
48317                | 48705                | 603.181700576315     | 388                  | 1440                 | 0.10789853745988402  | 0.640248171218026    | 0.26944444444444443  | 0.796632789241351
48377                | 48730                | 599.4381859987116    | 353                  | 1440                 | 0.10733671568957641  | 0.6379519600595569   | 0.24513888888888888  | 0.7243997537451262
48638                | 49055                | 624.7987928853399    | 417                  | 1440                 | 0.10778777344888738  | 0.6413816191458946   | 0.28958333333333336  | 0.8500662521659362
48655                | 49079                | 672.7807256671804    | 424                  | 1440                 | 0.10896610168739156  | 0.6429235775580185   | 0.29444444444444445  | 0.863913282666721
48505                | 48913                | 637.0953852728126    | 407                  | 1440                 | 0.10893457212503885  | 0.6452952042459874   | 0.2826388888888889   | 0.8320896285241143
48779                | 49104                | 600.9285750753697    | 325                  | 1440                 | 0.10742219824881434  | 0.6443398763264013   | 0.22569444444444445  | 0.6618605408927989
48428                | 48806                | 580.6886104331497    | 379                  | 1440                 | 0.10626170666769225  | 0.6341246652173729   | 0.26319444444444445  | 0.7765438675572676
48840                | 49182                | 612.8538447398169    | 339                  | 1440                 | 0.10778177312809423  | 0.6459286473479671   | 0.23541666666666666  | 0.6892765645968038
48683                | 49028                | 621.2017457845504    | 348                  | 1440                 | 0.10809332045923319  | 0.6446484231492217   | 0.24166666666666667  | 0.709798482499796
48778                | 49184                | 650.9867281088955    | 404                  | 1440                 | 0.10831155302573328  | 0.6433463989465492   | 0.28055555555555556  | 0.8214053350683148
48458                | 48791                | 577.4363878680742    | 335                  | 1440                 | 0.1066235230613113   | 0.6374554501340362   | 0.2326388888888889   | 0.6866020372609702
48393                | 48759                | 630.5004644414585    | 366                  | 1440                 | 0.10807497850015857  | 0.6388236293776864   | 0.25416666666666665  | 0.7506306528025596
48231                | 48616                | 625.1676544893271    | 384                  | 1440                 | 0.10868402037042647  | 0.6411575341570251   | 0.26666666666666666  | 0.7898634194503867
49131                | 49561                | 650.3200411995058    | 431                  | 1440                 | 0.10855251174933708  | 0.6504740267999876   | 0.29930555555555555  | 0.8696353988014769
48777                | 49101                | 589.2702284739789    | 320                  | 1440                 | 0.10692222520043548  | 0.6425190171687915   | 0.2222222222222222   | 0.6517178876193968
48674                | 49033                | 619.7964729297964    | 363                  | 1440                 | 0.10758907445914634  | 0.6411330934437303   | 0.2520833333333333   | 0.7403177451920135
48601                | 49012                | 652.9792717130476    | 411                  | 1440                 | 0.10906556160017823  | 0.6456049698686934   | 0.28541666666666665  | 0.8385701460866727
48111                | 48544                | 614.6177742282307    | 433                  | 1440                 | 0.10821787946961767  | 0.6377366354388078   | 0.30069444444444443  | 0.8919742913645353
48960                | 49430                | 661.5024596493895    | 469                  | 1440                 | 0.10911347215039122  | 0.6501004090253031   | 0.32569444444444445  | 0.9488165081934048
48483                | 48868                | 610.1640975978808    | 383                  | 1440                 | 0.10780641511308194  | 0.6411918316071407   | 0.2659722222222222   | 0.7837439633297864
48505                | 48850                | 611.2673253888061    | 348                  | 1440                 | 0.10823776632274867  | 0.6443202478193446   | 0.24166666666666667  | 0.7123848515864892
48349                | 48766                | 616.3828706059721    | 414                  | 1440                 | 0.10795484929820856  | 0.6393170669724642   | 0.2875               | 0.8489521387852192
48813                | 49109                | 605.59539742372      | 299                  | 1440                 | 0.10761427772305751  | 0.6454870915444147   | 0.2076388888888889   | 0.608849701684009
48565                | 48931                | 621.1009774082049    | 366                  | 1440                 | 0.10793375256985903  | 0.6417689653350184   | 0.25416666666666665  | 0.7479920704665753
48670                | 49041                | 622.2212639737991    | 371                  | 1440                 | 0.10823743784236776  | 0.6452155748802915   | 0.25763888888888886  | 0.7565098590974898
48756                | 49130                | 599.4007437521504    | 374                  | 1440                 | 0.10763755593180974  | 0.6456164869961204   | 0.25972222222222224  | 0.7612456747404844
48242                | 48678                | 645.1965483328095    | 436                  | 1440                 | 0.10935880744891241  | 0.6430982936342696   | 0.30277777777777776  | 0.8956818275196187
48566                | 48949                | 614.1125444058125    | 383                  | 1440                 | 0.10761822804900013  | 0.6406411366595208   | 0.2659722222222222   | 0.7824470367116796
48672                | 49035                | 623.485736848088     | 363                  | 1440                 | 0.10855893352922687  | 0.647208604698414    | 0.2520833333333333   | 0.7402875497093913
48711                | 49055                | 634.6870859140909    | 344                  | 1440                 | 0.1088665453891042   | 0.64840331658198     | 0.2388888888888889   | 0.701253694832331
48919                | 49251                | 611.8443709985586    | 332                  | 1440                 | 0.10752955522400452  | 0.6456709636784622   | 0.23055555555555557  | 0.6740979878581146
48488                | 48950                | 646.9193326058303    | 462                  | 1440                 | 0.10893022081921727  | 0.6436995200181875   | 0.32083333333333336  | 0.943820224719101
48119                | 48482                | 597.5023532834748    | 363                  | 1440                 | 0.10756021329038813  | 0.6358533433439363   | 0.2520833333333333   | 0.7487314879749185
48545                | 48958                | 590.4907941092242    | 413                  | 1440                 | 0.10728111955117653  | 0.6412639623422229   | 0.28680555555555554  | 0.8435802116099514
48732                | 49094                | 630.4249568053638    | 362                  | 1440                 | 0.1080642170449291   | 0.6439512331707099   | 0.2513888888888889   | 0.7373609809752719
48809                | 49313                | 685.3870938582986    | 504                  | 1440                 | 0.11017562734035363  | 0.6516564327284026   | 0.35                 | 1.0220428690203394
48613                | 48991                | 614.0091520744172    | 378                  | 1440                 | 0.10818022094192499  | 0.645107626437339    | 0.2625               | 0.771570288420322
48468                | 48831                | 610.2612822821538    | 363                  | 1440                 | 0.10737979507573266  | 0.6381208878718091   | 0.2520833333333333   | 0.743380229772071
48596                | 48947                | 632.452357926406     | 351                  | 1440                 | 0.10860950691451499  | 0.6452376488627535   | 0.24375              | 0.7171021717367766
48315                | 48718                | 610.6348197775224    | 403                  | 1440                 | 0.1075478775661464   | 0.6368790264931995   | 0.2798611111111111   | 0.8272096555687836
48572                | 48880                | 568.5571305882331    | 308                  | 1440                 | 0.10576762067128365  | 0.6345483440700228   | 0.21388888888888888  | 0.630114566284779
49100                | 49487                | 655.5469650662999    | 385                  | 1440                 | 0.10934912583548051  | 0.6546167176119541   | 0.2673611111111111   | 0.7779820963081213
48416                | 48840                | 611.315572619118     | 424                  | 1440                 | 0.10764169926781246  | 0.6389156458258446   | 0.29444444444444445  | 0.8681408681408681
48906                | 49353                | 657.2946134738886    | 449                  | 1440                 | 0.10931627841564377  | 0.6512795390883764   | 0.31180555555555556  | 0.9097724555751424
48326                | 48696                | 605.8861532397859    | 370                  | 1440                 | 0.10771884220569385  | 0.6388630992234761   | 0.2569444444444444   | 0.7598160013142763
48562                | 48993                | 665.4667656326637    | 430                  | 1440                 | 0.10988177830579395  | 0.6485898932929484   | 0.2986111111111111   | 0.8776764027514135
48569                | 48974                | 628.4998736820271    | 406                  | 1440                 | 0.10825741952476618  | 0.6430690778932389   | 0.28194444444444444  | 0.829011312124801
48549                | 48955                | 606.2707278211456    | 406                  | 1440                 | 0.10738783473679046  | 0.6398904268594281   | 0.28194444444444444  | 0.8293330609743642
48500                | 48924                | 620.4084470117523    | 422                  | 1440                 | 0.10826393411232885  | 0.643134878522672    | 0.29305555555555557  | 0.8625623415910392
48764                | 49120                | 624.8313014859596    | 358                  | 1440                 | 0.10808925356624458  | 0.6452670167801788   | 0.24861111111111112  | 0.7288273615635179
48623                | 49080                | 626.5264961696084    | 457                  | 1440                 | 0.10845106042696703  | 0.6453203981319794   | 0.3173611111111111   | 0.9311328443357784
48863                | 49200                | 631.7732685957162    | 336                  | 1440                 | 0.10814993609378601  | 0.6462539818434858   | 0.23333333333333334  | 0.6829268292682927
48464                | 48879                | 623.7885862600524    | 416                  | 1440                 | 0.10808570916807685  | 0.6409097512101222   | 0.28888888888888886  | 0.8510812414329262
48782                | 49187                | 642.0549081316276    | 405                  | 1440                 | 0.10846566626222956  | 0.645728724063573    | 0.28125              | 0.8233882936548275
48675                | 49019                | 636.2816617543285    | 344                  | 1440                 | 0.10862769534809924  | 0.6460041663222328   | 0.2388888888888889   | 0.7017687019319039
48831                | 49250                | 611.3922897729208    | 419                  | 1440                 | 0.10718805071224441  | 0.6419614503202993   | 0.29097222222222224  | 0.8507614213197969
48571                | 48978                | 634.7310095355206    | 407                  | 1440                 | 0.10868789396707104  | 0.6451321636342767   | 0.2826388888888889   | 0.830985340356895
48555                | 48913                | 611.3736166273011    | 358                  | 1440                 | 0.1079573148976521   | 0.6430998100537352   | 0.24861111111111112  | 0.7319117616993437
48450                | 48815                | 591.120208405162     | 365                  | 1440                 | 0.10702161725510077  | 0.6380440706864533   | 0.2534722222222222   | 0.7477209874014135
48705                | 49092                | 624.9930864069902    | 387                  | 1440                 | 0.10827680558253225  | 0.6456854311341663   | 0.26875              | 0.7883158152041065
48628                | 48984                | 589.6152542859782    | 356                  | 1440                 | 0.10700559415130606  | 0.6408207015977652   | 0.24722222222222223  | 0.7267679242201535
48539                | 48935                | 611.0478530669352    | 396                  | 1440                 | 0.10773355656410667  | 0.6413493908622708   | 0.275                | 0.8092367426177582
48854                | 49247                | 619.4287641461997    | 393                  | 1440                 | 0.10737578648724805  | 0.6425877878197792   | 0.27291666666666664  | 0.7980181533900543
48752                | 49119                | 619.2537132598518    | 367                  | 1440                 | 0.10720893597758957  | 0.6398269516108459   | 0.2548611111111111   | 0.7471650481483744
48388                | 48727                | 585.8443653376016    | 339                  | 1440                 | 0.10722344217996266  | 0.6392536626692324   | 0.23541666666666666  | 0.6957128491390809
48345                | 48795                | 627.4199954532378    | 450                  | 1440                 | 0.10867178034752722  | 0.6425899665351621   | 0.3125               | 0.9222256378727329
48794                | 49207                | 608.8877922178071    | 413                  | 1440                 | 0.1076133774334897   | 0.6447384226121201   | 0.28680555555555554  | 0.8393114800739732
48736                | 49137                | 636.413097442768     | 401                  | 1440                 | 0.10774988492014974  | 0.6409765700123683   | 0.27847222222222223  | 0.816085638113845
48637                | 49067                | 651.6671460990037    | 430                  | 1440                 | 0.10926633539391273  | 0.6475876094827265   | 0.2986111111111111   | 0.8763527421688712
48300                | 48685                | 629.7768353187712    | 385                  | 1440                 | 0.10876997656653478  | 0.6421795020793509   | 0.2673611111111111   | 0.7907979870596693
48758                | 49173                | 647.8693615708908    | 415                  | 1440                 | 0.10851512388579758  | 0.6449092832328527   | 0.2881944444444444   | 0.8439590832367356
48428                | 48805                | 629.3469891651184    | 377                  | 1440                 | 0.10861925482806198  | 0.6431383441102291   | 0.26180555555555557  | 0.772461837926442
48716                | 49097                | 623.9486554182658    | 381                  | 1440                 | 0.10766385067875017  | 0.6418391729974574   | 0.26458333333333334  | 0.7760148277898853
48392                | 48778                | 604.0439854855649    | 386                  | 1440                 | 0.10783199298808857  | 0.6408488008286862   | 0.26805555555555555  | 0.7913403583582763
48731                | 49088                | 614.5953622663801    | 354                  | 1440                 | 0.10796052966269643  | 0.6452874678176659   | 0.24583333333333332  | 0.7211538461538461
48571                | 48981                | 618.234651146864     | 413                  | 1440                 | 0.10783695663043169  | 0.6416462421713168   | 0.28680555555555554  | 0.8431840917906944
48717                | 49114                | 659.6738563009712    | 397                  | 1440                 | 0.10925528592562894  | 0.6476245483948613   | 0.27569444444444446  | 0.8083234922832593
48443                | 48774                | 584.1652149895381    | 328                  | 1440                 | 0.10693131264231161  | 0.6383109412084166   | 0.22777777777777777  | 0.6724894410956657
48450                | 48840                | 624.9921230671753    | 393                  | 1440                 | 0.10829012651430768  | 0.641887763142281    | 0.27291666666666664  | 0.8046683046683047
48261                | 48647                | 600.6301550545904    | 386                  | 1440                 | 0.10755920241124972  | 0.637555790369779    | 0.26805555555555555  | 0.7934713343063292
48738                | 49128                | 612.8168979954789    | 390                  | 1440                 | 0.10728892557753708  | 0.641072456513331    | 0.2708333333333333   | 0.7938446507083536
48799                | 49205                | 617.5802625125216    | 405                  | 1440                 | 0.10741658793807084  | 0.6422796556728323   | 0.28125              | 0.8230870846458692  
48865                | 49218                | 619.7567155588767    | 354                  | 1440                 | 0.10817600963435337  | 0.6481567908338837   | 0.24583333333333332  | 0.7192490552236986
48821                | 49237                | 665.0018624095828    | 414                  | 1440                 | 0.10945387785437637  | 0.6497568457639765   | 0.2875               | 0.8408310823161445
48860                | 49276                | 648.0739558215428    | 418                  | 1440                 | 0.10830832901678039  | 0.645039544786363    | 0.2902777777777778   | 0.8482831398652487
48796                | 49196                | 616.0819817247102    | 398                  | 1440                 | 0.10782611117683541  | 0.6451221313799842   | 0.2763888888888889   | 0.809008862509147
48386                | 48775                | 580.3353732193355    | 390                  | 1440                 | 0.10752011236172136  | 0.6419793660632503   | 0.2708333333333333   | 0.7995899538698105
48497                | 48779                | 567.3254081989871    | 279                  | 1440                 | 0.10647456726305628  | 0.6384424176069751   | 0.19375              | 0.5719674450070728
48599                | 48986                | 614.684171758272     | 391                  | 1440                 | 0.10773122362267414  | 0.6417792621329345   | 0.27152777777777776  | 0.7981872371698037
48811                | 49172                | 630.533154572011     | 361                  | 1440                 | 0.10855150313846168  | 0.648307272427719    | 0.25069444444444444  | 0.7341576506955177
48741                | 49139                | 645.1904285941564    | 398                  | 1440                 | 0.10846707682996103  | 0.6446750707827908   | 0.2763888888888889   | 0.8099472923746922
48542                | 48944                | 634.6800645439362    | 402                  | 1440                 | 0.1086495069941902   | 0.6443166784659602   | 0.2791666666666667   | 0.8213468453743054
48658                | 49057                | 636.6330803503224    | 399                  | 1440                 | 0.1087116949719424   | 0.6463174401727713   | 0.27708333333333335  | 0.813339584564894
48637                | 49051                | 621.3813189524808    | 414                  | 1440                 | 0.10792306178708182  | 0.642737818600906    | 0.2875               | 0.844019489918656
48547                | 48943                | 631.1845167501888    | 396                  | 1440                 | 0.10838282784492667  | 0.6430993019541178   | 0.275                | 0.8091044684633144
48902                | 49362                | 650.7361733108701    | 460                  | 1440                 | 0.10865594816268788  | 0.6476110941691677   | 0.3194444444444444   | 0.9318909282443986
48624                | 49007                | 615.7590866480023    | 383                  | 1440                 | 0.10803685432453718  | 0.644107024047541    | 0.2659722222222222   | 0.7815210072030527
48423                | 48794                | 608.1709316773922    | 371                  | 1440                 | 0.10779751599571619  | 0.640422612889243    | 0.25763888888888886  | 0.7603393859900808
48482                | 48888                | 624.0476391941775    | 403                  | 1440                 | 0.10814047058951577  | 0.6415629689963738   | 0.2798611111111111   | 0.8243331696939945
48745                | 49148                | 637.1900290318008    | 406                  | 1440                 | 0.10842587844268071  | 0.6455312768224213   | 0.28194444444444444  | 0.8260763408480507
48598                | 48989                | 604.5389287699072    | 391                  | 1440                 | 0.10719890930020695  | 0.6396660776594753   | 0.27152777777777776  | 0.7981383575904795
48306                | 48678                | 577.1350997290283    | 372                  | 1440                 | 0.10705933197974722  | 0.6381061387104994   | 0.25833333333333336  | 0.7642055959571059
48909                | 49280                | 650.7150120773877    | 371                  | 1440                 | 0.10868317174070162  | 0.6479142304006166   | 0.25763888888888886  | 0.7528409090909091
48551                | 48908                | 615.2069520147634    | 355                  | 1440                 | 0.10786629516897885  | 0.6418853408422539   | 0.2465277777777778   | 0.7258526212480576
48527                | 48915                | 634.6402179811848    | 390                  | 1440                 | 0.10843523401830515  | 0.6427397793704019   | 0.2708333333333333   | 0.7973014412756823
48729                | 49205                | 674.1824281104491    | 476                  | 1440                 | 0.10978776982842609  | 0.6493908071020996   | 0.33055555555555555  | 0.9673813636825526
48450                | 48805                | 609.1971171112964    | 355                  | 1440                 | 0.10774779841158247  | 0.6403803811665427   | 0.2465277777777778   | 0.7273844892941297
48368                | 48728                | 620.7054960866808    | 357                  | 1440                 | 0.10829064455402479  | 0.6412476888232708   | 0.24791666666666667  | 0.7326383188310622
48748                | 49106                | 604.1337121423567    | 361                  | 1440                 | 0.10753885157988116  | 0.6442455639567707   | 0.25069444444444444  | 0.7351443815419704
48832                | 49191                | 613.6958563065273    | 359                  | 1440                 | 0.10740410118346101  | 0.6432324146243829   | 0.24930555555555556  | 0.729808298265943
48599                | 49005                | 615.264614704065     | 406                  | 1440                 | 0.10770013704227577  | 0.6414805302961306   | 0.28194444444444444  | 0.8284868890929498
48753                | 49172                | 615.854205560463     | 419                  | 1440                 | 0.10778417672686491  | 0.6442932856041763   | 0.29097222222222224  | 0.8521109574554625
48718                | 49140                | 611.9913410204754    | 422                  | 1440                 | 0.10758779357208709  | 0.6428771211943135   | 0.29305555555555557  | 0.8587708587708588
48568                | 48964                | 625.6215381597576    | 396                  | 1440                 | 0.10789600530821972  | 0.6409158769097074   | 0.275                | 0.8087574544563353
48259                | 48644                | 620.4908852874069    | 385                  | 1440                 | 0.10842543777896403  | 0.6406548957209821   | 0.2673611111111111   | 0.7914645177205822
48217                | 48614                | 617.1266485363885    | 397                  | 1440                 | 0.10845958041264918  | 0.6406115622302024   | 0.27569444444444446  | 0.8166371827045706
48724                | 49134                | 622.7411118304008    | 410                  | 1440                 | 0.10813521810119946  | 0.6453412170932492   | 0.2847222222222222   | 0.8344527211299712
48764                | 49152                | 613.2915309801174    | 388                  | 1440                 | 0.1073605544240806   | 0.6419129437933404   | 0.26944444444444443  | 0.7893880208333334
48080                | 48520                | 626.5654357880994    | 440                  | 1440                 | 0.10872381708334794  | 0.6390252416870206   | 0.3055555555555556   | 0.9068425391591096
48784                | 49133                | 609.6356989814085    | 349                  | 1440                 | 0.10736229128681485  | 0.6427806958181853   | 0.2423611111111111   | 0.7103168949585817
48759                | 49123                | 591.4547734571679    | 364                  | 1440                 | 0.10666589290560768  | 0.64012980591319     | 0.25277777777777777  | 0.7409970889400077
48249                | 48661                | 632.3085080518795    | 412                  | 1440                 | 0.10878479318266364  | 0.6412190782539279   | 0.2861111111111111   | 0.8466739277861121
48873                | 49212                | 575.4458999528724    | 339                  | 1440                 | 0.10578375234490982  | 0.6381399715422017   | 0.23541666666666666  | 0.6888563764935381
48681                | 49057                | 614.5189840260427    | 376                  | 1440                 | 0.10748282713072177  | 0.6413387257271277   | 0.2611111111111111   | 0.766455347860652
48683                | 49114                | 630.8705639029213    | 431                  | 1440                 | 0.10799342430243208  | 0.6425973469194832   | 0.29930555555555555  | 0.8775501893553772
48331                | 48693                | 607.8501998611027    | 362                  | 1440                 | 0.10822528802614147  | 0.6420519258858742   | 0.2513888888888889   | 0.7434333477091163
48895                | 49242                | 614.8009878466546    | 347                  | 1440                 | 0.10732668338238294  | 0.6433886866447309   | 0.24097222222222223  | 0.70468299419195
48730                | 49145                | 636.6148016667576    | 415                  | 1440                 | 0.10868152829790256  | 0.6471911033705291   | 0.2881944444444444   | 0.8444399226777902
48484                | 48812                | 598.0686234686582    | 328                  | 1440                 | 0.10768471291687493  | 0.6420920515804968   | 0.22777777777777777  | 0.6719659100221257
48354                | 48691                | 591.4258459053817    | 337                  | 1440                 | 0.10713715968230898  | 0.6373994213972588   | 0.23402777777777778  | 0.6921196935778686
48896                | 49269                | 640.6491475871007    | 373                  | 1440                 | 0.10854497140325313  | 0.6481574829243565   | 0.2590277777777778   | 0.7570683391179038
48931                | 49362                | 653.2120374853257    | 431                  | 1440                 | 0.10885337121447108  | 0.649021281975291    | 0.29930555555555555  | 0.8731412827681213
48373                | 48718                | 592.4799259018328    | 345                  | 1440                 | 0.10732487430809941  | 0.638788337190351    | 0.23958333333333334  | 0.7081571493082639
48796                | 49198                | 613.4723959339608    | 398                  | 1440                 | 0.10722756995367336  | 0.641472671867096    | 0.2763888888888889   | 0.8089759746331151
48222                | 48590                | 606.35173159017      | 372                  | 1440                 | 0.10751328313148821  | 0.6358828980393894   | 0.25833333333333336  | 0.7655896274953694
48628                | 49032                | 610.8425864075543    | 404                  | 1440                 | 0.10786543809335272  | 0.643698659489482    | 0.28055555555555556  | 0.8239517050089737
48966                | 49422                | 671.1163839989749    | 456                  | 1440                 | 0.10948990390009551  | 0.6513776099520125   | 0.31666666666666665  | 0.9226660191817408
48874                | 49334                | 669.4677458041988    | 460                  | 1440                 | 0.10943557236870051  | 0.6498942855648852   | 0.3194444444444444   | 0.9324198321644303
48910                | 49328                | 639.740701998322     | 418                  | 1440                 | 0.10789231346062618  | 0.644046572248136    | 0.2902777777777778   | 0.847388906908855
48648                | 49065                | 638.0902593831997    | 417                  | 1440                 | 0.10813532776362317  | 0.6420295443508762   | 0.28958333333333336  | 0.8498929990828493
48739                | 49115                | 623.0538241517788    | 376                  | 1440                 | 0.10776636645753493  | 0.6429110182506466   | 0.2611111111111111   | 0.7655502392344498
48483                | 48876                | 615.5668572104769    | 393                  | 1440                 | 0.10807980979408384  | 0.6423060856230086   | 0.27291666666666664  | 0.804075619936165
48814                | 49230                | 641.6740303151892    | 416                  | 1440                 | 0.10823309434117033  | 0.6446931461850238   | 0.28888888888888886  | 0.845013203331302
48117                | 48453                | 582.7391998670064    | 336                  | 1440                 | 0.10735402203573612  | 0.6365271962445634   | 0.23333333333333334  | 0.6934555135904897
48919                | 49292                | 630.9524534975062    | 373                  | 1440                 | 0.1085829383270177   | 0.650068956316538    | 0.2590277777777778   | 0.7567150856122697
49025                | 49460                | 632.0607092494611    | 435                  | 1440                 | 0.10822002886296402  | 0.6491216550475224   | 0.3020833333333333   | 0.8794985847149211
48348                | 48738                | 638.4749160778592    | 390                  | 1440                 | 0.10845366456947135  | 0.6395733037543185   | 0.2708333333333333   | 0.8001969715622307
48402                | 48697                | 583.1041046234313    | 294                  | 1440                 | 0.10715454479774952  | 0.6393556763142972   | 0.20416666666666666  | 0.603733289525022
48354                | 48767                | 627.9192636982771    | 409                  | 1440                 | 0.10863167212786878  | 0.6423935171397142   | 0.28402777777777777  | 0.838681895544118
49006                | 49432                | 643.9480062794173    | 431                  | 1440                 | 0.10857472256003016  | 0.6494660621668419   | 0.29930555555555555  | 0.8719048389707073
48900                | 49277                | 615.3093951576739    | 377                  | 1440                 | 0.10722509025700701  | 0.6427888595936045   | 0.26180555555555557  | 0.7650628082066685
48587                | 48973                | 615.3652003568714    | 386                  | 1440                 | 0.10763413624003801  | 0.6409186287451333   | 0.26805555555555555  | 0.7881894104914954
48783                | 49149                | 609.5675795300631    | 366                  | 1440                 | 0.10731229021960839  | 0.6423969439341422   | 0.25416666666666665  | 0.7446743575657694
48744                | 49146                | 648.5262284537894    | 402                  | 1440                 | 0.10822769031810506  | 0.642651550118793    | 0.2791666666666667   | 0.8179709437187157
48767                | 49162                | 636.256651263102     | 395                  | 1440                 | 0.10866639676195448  | 0.6476412960890963   | 0.2743055555555556   | 0.8034660916968391
48663                | 49073                | 647.1730723544024    | 410                  | 1440                 | 0.10862308878924708  | 0.6442655128701202   | 0.2847222222222222   | 0.8354899843090905
48652                | 49027                | 610.6739136893302    | 375                  | 1440                 | 0.10768096318124702  | 0.6428061560339284   | 0.2604166666666667   | 0.7648846553939666
48229                | 48516                | 576.6428758243565    | 287                  | 1440                 | 0.10707951287896947  | 0.6371655956957214   | 0.19930555555555557  | 0.5915574243548519
48691                | 49026                | 598.7542153464747    | 335                  | 1440                 | 0.10708430188265013  | 0.6410624368462037   | 0.2326388888888889   | 0.6833108962591279
48474                | 48804                | 583.7258401544532    | 330                  | 1440                 | 0.10672613263011306  | 0.6373991219960466   | 0.22916666666666666  | 0.676174084091468
49048                | 49427                | 631.9636322187725    | 379                  | 1440                 | 0.10828257238571536  | 0.6498853315636746   | 0.26319444444444445  | 0.7667873834139236
48580                | 48969                | 641.4514110992895    | 389                  | 1440                 | 0.10872352897034034  | 0.6445086597954345   | 0.2701388888888889   | 0.7943801180338581
48462                | 48875                | 632.2636868818663    | 413                  | 1440                 | 0.10809108808935032  | 0.6397576153263921   | 0.28680555555555554  | 0.8450127877237852
48384                | 48770                | 600.3321482345345    | 386                  | 1440                 | 0.107294695056193    | 0.637596625895985    | 0.26805555555555555  | 0.7914701660857084
48771                | 49180                | 647.7833714578883    | 407                  | 1440                 | 0.10912631300383147  | 0.649238453704543    | 0.2826388888888889   | 0.8275721838145588
48552                | 48916                | 595.2800960438326    | 364                  | 1440                 | 0.10663436389564039  | 0.636398228685446    | 0.25277777777777777  | 0.7441327990841442
48661                | 49028                | 613.0005937013775    | 369                  | 1440                 | 0.10750454551621556  | 0.6413939848716893   | 0.25625              | 0.7526311495471975
48682                | 49083                | 633.8714429575484    | 401                  | 1440                 | 0.10849198910652796  | 0.6455631789375407   | 0.27847222222222223  | 0.8169834769675856
48611                | 48968                | 624.1911941348226    | 357                  | 1440                 | 0.10810715917650282  | 0.6430754678264791   | 0.24791666666666667  | 0.7290475412514295
48608                | 49015                | 626.9416672154912    | 407                  | 1440                 | 0.10831049382663085  | 0.6442363966581185   | 0.2826388888888889   | 0.8303580536570437
48564                | 48998                | 633.8724463300896    | 434                  | 1440                 | 0.10831877420667817  | 0.6425490838785293   | 0.3013888888888889   | 0.8857504387934201
48552                | 48952                | 644.3357027731836    | 397                  | 1440                 | 0.1092394336474524   | 0.6472114158468516   | 0.27569444444444446  | 0.8109985291714331
48682                | 49083                | 624.0642760951305    | 404                  | 1440                 | 0.1083358464529157   | 0.645812829168617    | 0.28055555555555556  | 0.8230955728052483
48675                | 49047                | 640.9626789745525    | 372                  | 1440                 | 0.10883442561746737  | 0.6467189195505922   | 0.25833333333333336  | 0.7584561746895835
48622                | 49071                | 629.8675716614234    | 449                  | 1440                 | 0.10809987527937338  | 0.6424688909796289   | 0.31180555555555556  | 0.9150007132522264
48655                | 49021                | 608.3435697119567    | 363                  | 1440                 | 0.10755709161869594  | 0.6424215589515287   | 0.2520833333333333   | 0.7404989698292569
48516                | 48950                | 624.2797551605618    | 436                  | 1440                 | 0.10846957536738602  | 0.6441293458943388   | 0.30277777777777776  | 0.8907048008171603
48733                | 49113                | 622.3400039920816    | 381                  | 1440                 | 0.10752094859309604  | 0.6413803650999039   | 0.26458333333333334  | 0.7757620182029198
48511                | 48929                | 612.824713623384     | 418                  | 1440                 | 0.10734785573026044  | 0.6381596449856323   | 0.2902777777777778   | 0.8542990864313597
48647                | 49019                | 597.4908066248754    | 372                  | 1440                 | 0.1076756701328508   | 0.6444703276985282   | 0.25833333333333336  | 0.7588894102286868
48897                | 49263                | 579.749535873183     | 366                  | 1440                 | 0.10652761763384588  | 0.6429789070873365   | 0.25416666666666665  | 0.7429510992022411
48329                | 48681                | 613.0314204988535    | 352                  | 1440                 | 0.10846029965558149  | 0.6428868289603622   | 0.24444444444444444  | 0.7230747108728252
48686                | 49001                | 602.63751830213      | 315                  | 1440                 | 0.10747932798197911  | 0.6430716837158557   | 0.21875              | 0.6428440235913553
48843                | 49220                | 607.2102560744388    | 375                  | 1440                 | 0.106930704788511    | 0.6409259868488869   | 0.2604166666666667   | 0.76188541243397
48596                | 48935                | 599.0482959415531    | 341                  | 1440                 | 0.10819016693306299  | 0.6470843288916508   | 0.23680555555555555  | 0.6968427505875141
48738                | 49160                | 625.5983505115146    | 422                  | 1440                 | 0.10813432424794404  | 0.6451772336506424   | 0.29305555555555557  | 0.8584214808787632
48377                | 48696                | 611.8269176517497    | 319                  | 1440                 | 0.10823610052917103  | 0.6422316566253296   | 0.22152777777777777  | 0.6550846065385247
48609                | 48946                | 605.2176358783036    | 337                  | 1440                 | 0.10761702937344436  | 0.6424766584068646   | 0.23402777777777778  | 0.6885138724308422
48370                | 48741                | 601.646253896819     | 371                  | 1440                 | 0.10787853763337746  | 0.6411667207255619   | 0.25763888888888886  | 0.7611661640097659
48726                | 49165                | 639.0742198773078    | 439                  | 1440                 | 0.1081413129269247   | 0.643121746672412    | 0.30486111111111114  | 0.8929116241228515
48153                | 48475                | 582.7116101006395    | 322                  | 1440                 | 0.10720765697073707  | 0.6360547934604199   | 0.22361111111111112  | 0.6642599277978339
48518                | 48909                | 635.086559083371     | 391                  | 1440                 | 0.1088844081221603   | 0.6455147009366853   | 0.27152777777777776  | 0.7994438651372958
48738                | 49132                | 626.8966239254805    | 394                  | 1440                 | 0.10812924608609606  | 0.6448835284036559   | 0.27361111111111114  | 0.8019213547179028
48407                | 48743                | 598.2859217511141    | 336                  | 1440                 | 0.10727945592004556  | 0.6381686274219126   | 0.23333333333333334  | 0.6893297499128079
48542                | 48846                | 601.002695696603     | 300                  | 1440                 | 0.10816646077598867  | 0.6457151700269735   | 0.20833333333333334  | 0.6141751627564181  
48486                | 48849                | 625.8976171992836    | 365                  | 1440                 | 0.10746294393096875  | 0.6367716539743472   | 0.2534722222222222   | 0.7472005568179492
48753                | 49118                | 643.8874024645775    | 367                  | 1440                 | 0.10886162210963231  | 0.6477246605967447   | 0.2548611111111111   | 0.7471802597825644
48412                | 48749                | 613.3566732651088    | 337                  | 1440                 | 0.1080286567285333   | 0.6411825507413302   | 0.23402777777777778  | 0.6912962317175737
48707                | 49088                | 608.80396886589      | 381                  | 1440                 | 0.10735348845639568  | 0.641675587236294    | 0.26458333333333334  | 0.7761571056062582
48593                | 48982                | 613.1229469001992    | 389                  | 1440                 | 0.10809563752654804  | 0.6444045618821763   | 0.2701388888888889   | 0.7941692866767384
48367                | 48664                | 568.5061756789219    | 297                  | 1440                 | 0.10660063302968059  | 0.6371324572152052   | 0.20625              | 0.6103074141048824
48478                | 48827                | 590.1260993627948    | 349                  | 1440                 | 0.10722938903419217  | 0.6400414706644376   | 0.2423611111111111   | 0.7147684682655089
48372                | 48797                | 636.0167352781864    | 425                  | 1440                 | 0.10911090067096595  | 0.6446675902422995   | 0.2951388888888889   | 0.8709551816710045
48536                | 48893                | 618.3078288245015    | 357                  | 1440                 | 0.10839869901204924  | 0.6448501932503581   | 0.24791666666666667  | 0.7301658724152742
48651                | 49109                | 650.7974646246876    | 458                  | 1440                 | 0.10904587302599461  | 0.6464525587564063   | 0.31805555555555554  | 0.9326192754892179
48566                | 48994                | 630.656782590202     | 428                  | 1440                 | 0.10846843135875398  | 0.6440904854179361   | 0.2972222222222222   | 0.8735763562885251
48523                | 48952                | 614.4322212342522    | 429                  | 1440                 | 0.10694762970181466  | 0.635271993277128    | 0.29791666666666666  | 0.8763686876940676
48426                | 48770                | 619.1666714825551    | 344                  | 1440                 | 0.10798016848783681  | 0.6404090944880355   | 0.2388888888888889   | 0.70535165060488
48564                | 48848                | 582.9892450317275    | 282                  | 1440                 | 0.10636941408150513  | 0.6364481876806427   | 0.19583333333333333  | 0.5773010153946937
48473                | 48867                | 597.7960820699227    | 396                  | 1440                 | 0.10667368204225183  | 0.6351607025365299   | 0.275                | 0.8103628215360059
48427                | 48788                | 612.2543457872816    | 361                  | 1440                 | 0.10827915011775463  | 0.6431369612772848   | 0.25069444444444444  | 0.7399360498483234
48311                | 48687                | 588.2493333515595    | 376                  | 1440                 | 0.10723555851326465  | 0.6379495857102727   | 0.2611111111111111   | 0.7722800747632839
48428                | 48799                | 600.3155968677602    | 371                  | 1440                 | 0.1081004126842068   | 0.6437303380119322   | 0.25763888888888886  | 0.7602614807680486
48773                | 49181                | 602.0099127118592    | 408                  | 1440                 | 0.10686825819413001  | 0.6402768578931408   | 0.2833333333333333   | 0.8295886622882821
48592                | 49019                | 632.3585026694345    | 427                  | 1440                 | 0.10827878423771227  | 0.6429810829029716   | 0.2965277777777778   | 0.8710908015259389
48510                | 48876                | 598.4175975488033    | 366                  | 1440                 | 0.10705946194335243  | 0.6381262129696423   | 0.25416666666666665  | 0.748833783452001
48205                | 48477                | 578.5113112895051    | 272                  | 1440                 | 0.10739351140003661  | 0.6387374238828627   | 0.18888888888888888  | 0.5610908265775523
48709                | 49096                | 647.605223064078     | 387                  | 1440                 | 0.10839356246112289  | 0.6433177651805574   | 0.26875              | 0.7882515887241324
48476                | 48876                | 619.4236003582482    | 400                  | 1440                 | 0.1081444124627723   | 0.6420254976198345   | 0.2777777777777778   | 0.8183975775431704
48840                | 49265                | 634.5401204419322    | 425                  | 1440                 | 0.10813573111067032  | 0.6454806574358661   | 0.2951388888888889   | 0.8626814168273622
48816                | 49222                | 646.1233549082535    | 406                  | 1440                 | 0.10878212918297288  | 0.6477498744318974   | 0.28194444444444444  | 0.8248344236317093
48497                | 48800                | 605.9957765216241    | 301                  | 1440                 | 0.10795627218335167  | 0.6429891373416178   | 0.20902777777777778  | 0.6168032786885246
48897                | 49267                | 651.3096930686734    | 372                  | 1440                 | 0.10863291109711626  | 0.6472885558772936   | 0.25833333333333336  | 0.7550693161751274
48958                | 49342                | 648.1389285959303    | 384                  | 1440                 | 0.10876699092818866  | 0.6496052494010862   | 0.26666666666666666  | 0.7782416602488752
48685                | 49050                | 625.5745869317907    | 365                  | 1440                 | 0.10834903597447929  | 0.6457283941814036   | 0.2534722222222222   | 0.744138634046891
49181                | 49520                | 640.8463131634635    | 339                  | 1440                 | 0.10867547300478436  | 0.6533020128311684   | 0.23541666666666666  | 0.6845718901453958
48892                | 49347                | 618.1849556041998    | 455                  | 1440                 | 0.10802787539721764  | 0.6477552404608259   | 0.3159722222222222   | 0.9220418667801487
48807                | 49149                | 619.1032789599849    | 342                  | 1440                 | 0.10806472744386719  | 0.6465345182542958   | 0.2375               | 0.6958432521516206
48833                | 49286                | 643.0055462489254    | 453                  | 1440                 | 0.10874264992844586  | 0.648215701645463    | 0.3145833333333333   | 0.9191251065211216
48534                | 48866                | 609.3295401616488    | 332                  | 1440                 | 0.10779086294044347  | 0.6419864501051861   | 0.23055555555555557  | 0.6794089960299595
48347                | 48742                | 635.0807967945584    | 395                  | 1440                 | 0.10911198953341911  | 0.6444840967559311   | 0.2743055555555556   | 0.810389397234418
48569                | 48974                | 623.3922409668448    | 405                  | 1440                 | 0.10815629437192535  | 0.6430217103164582   | 0.28125              | 0.8269694123412423
48379                | 48730                | 590.4398947515874    | 351                  | 1440                 | 0.10692827492441673  | 0.6364801433437637   | 0.24375              | 0.7202955058485533
48563                | 48976                | 618.5974505243939    | 413                  | 1440                 | 0.108780841730408    | 0.6477824942277546   | 0.28680555555555554  | 0.8432701731460306
48533                | 48922                | 603.8201954461401    | 388                  | 1440                 | 0.1077750750630512   | 0.6425587521956392   | 0.26944444444444443  | 0.7930992191652017
48202                | 48517                | 576.0176307515358    | 316                  | 1440                 | 0.10671425131965756  | 0.6344724472288258   | 0.21944444444444444  | 0.6513180946884597
48851                | 49242                | 627.5460014053388    | 390                  | 1440                 | 0.10743858436393855  | 0.6417776808585143   | 0.2708333333333333   | 0.792006823443402
48362                | 48738                | 611.6910257166601    | 377                  | 1440                 | 0.1078666712090194   | 0.6395888621650495   | 0.26180555555555557  | 0.773523739176823
48683                | 49074                | 643.291626176564     | 389                  | 1440                 | 0.10879775125741592  | 0.6462643768901087   | 0.2701388888888889   | 0.792680441781799
48617                | 49031                | 617.4419047486736    | 416                  | 1440                 | 0.1077492621307025   | 0.641791906340195    | 0.28888888888888886  | 0.8484428218881932
48417                | 48841                | 636.7705408609472    | 424                  | 1440                 | 0.10813371723732243  | 0.6387660957655193   | 0.29444444444444445  | 0.8681230933027578
48631                | 49082                | 652.523119180114     | 451                  | 1440                 | 0.10951690834030761  | 0.6490441522311153   | 0.31319444444444444  | 0.9188704616763783
48378                | 48750                | 605.70327819878      | 372                  | 1440                 | 0.10794523591483213  | 0.6412350614867639   | 0.25833333333333336  | 0.7630769230769231
48715                | 49097                | 640.185458256281     | 382                  | 1440                 | 0.10886184449365026  | 0.6476192271074737   | 0.2652777777777778   | 0.7780516121147931
48414                | 48804                | 609.2434531408362    | 390                  | 1440                 | 0.10752321697645584  | 0.6383549768694938   | 0.2708333333333333   | 0.7991148266535529
48611                | 48961                | 604.9305597496568    | 350                  | 1440                 | 0.10728629370379164  | 0.640382508980897    | 0.24305555555555555  | 0.7148546802557137
48759                | 49215                | 635.2990301703103    | 454                  | 1440                 | 0.10871398126837874  | 0.6479539464026955   | 0.31527777777777777  | 0.9224829828304378
48658                | 49099                | 646.3565949483309    | 443                  | 1440                 | 0.10793125310339452  | 0.6396109610420823   | 0.3076388888888889   | 0.9022587018065541
48835                | 49304                | 663.9302475357545    | 468                  | 1440                 | 0.10909982793896927  | 0.6477476626798065   | 0.325                | 0.949213045594678
48194                | 48556                | 616.9342152791796    | 363                  | 1440                 | 0.10859126931762055  | 0.6412333161687387   | 0.2520833333333333   | 0.7475904110717522
48062                | 48444                | 611.8924542539753    | 382                  | 1440                 | 0.10815172613348721  | 0.6369456105307012   | 0.2652777777777778   | 0.788539344397655
48461                | 48852                | 617.0305533208302    | 391                  | 1440                 | 0.1078432913153016   | 0.6401859698023311   | 0.27152777777777776  | 0.800376647834275
48388                | 48791                | 622.3141108172131    | 403                  | 1440                 | 0.10827973828860606  | 0.6412616705197193   | 0.2798611111111111   | 0.8259720030333463
48245                | 48604                | 614.1515964515274    | 359                  | 1440                 | 0.10832082434784372  | 0.6404962160168387   | 0.24930555555555556  | 0.7386223356102378
48417                | 48800                | 599.757708196179     | 383                  | 1440                 | 0.10702898736575409  | 0.6364584231199747   | 0.2659722222222222   | 0.7848360655737704
48656                | 49018                | 603.9212263141526    | 362                  | 1440                 | 0.10724054647702234  | 0.6407721445749719   | 0.2513888888888889   | 0.7385042229385125
48595                | 48972                | 611.7246083237114    | 377                  | 1440                 | 0.10783774853160133  | 0.642885669793005    | 0.26180555555555557  | 0.7698276566201094
48709                | 49089                | 627.791374586348     | 380                  | 1440                 | 0.10828476174248164  | 0.6454136108567138   | 0.2638888888888889   | 0.7741041781254456
48643                | 49013                | 613.9586998251616    | 370                  | 1440                 | 0.10739696454786173  | 0.6402807761325883   | 0.2569444444444444   | 0.75490176075735
48313                | 48726                | 602.4376056087785    | 413                  | 1440                 | 0.10739043191935621  | 0.6369072180656081   | 0.28680555555555554  | 0.8475967655871608
48774                | 49039                | 583.3555993189802    | 265                  | 1440                 | 0.10683902786889198  | 0.6427320505276113   | 0.1840277777777778   | 0.5403862232100981
48942                | 49324                | 623.1117385778925    | 381                  | 1440                 | 0.10767221171992888  | 0.6453443826648163   | 0.26458333333333334  | 0.7724434352445058
48226                | 48596                | 622.4393751980388    | 371                  | 1440                 | 0.10827368841164907  | 0.6388224130665942   | 0.25763888888888886  | 0.7634373199440283
48411                | 48855                | 625.2963544437662    | 444                  | 1440                 | 0.10767980544864263  | 0.6371010220883498   | 0.30833333333333335  | 0.908811789990789
48858                | 49261                | 641.9117506993935    | 399                  | 1440                 | 0.10786987741354576  | 0.6428499446851706   | 0.27708333333333335  | 0.8099713769513408
48586                | 48941                | 617.8335169953643    | 359                  | 1440                 | 0.1077298710346201   | 0.6412072790747277   | 0.24930555555555556  | 0.7335362988087697
48541                | 48954                | 629.3856434273766    | 413                  | 1440                 | 0.10850270391081712  | 0.6440739120077323   | 0.28680555555555554  | 0.843649140008988
48566                | 49003                | 614.9938287924742    | 437                  | 1440                 | 0.10828852680138824  | 0.6450311802524078   | 0.3034722222222222   | 0.8917821357876048
48815                | 49202                | 623.3800856474554    | 387                  | 1440                 | 0.10813037950655185  | 0.6465332544168774   | 0.26875              | 0.7865533921385309
48398                | 48809                | 613.2408682358218    | 411                  | 1440                 | 0.1079764814576786   | 0.640618931257062    | 0.28541666666666665  | 0.8420578172058432
48676                | 49112                | 654.9888713558321    | 436                  | 1440                 | 0.10903446561697898  | 0.6461651891224802   | 0.30277777777777776  | 0.8877667372536244
48176                | 48525                | 592.0916518315789    | 348                  | 1440                 | 0.10800581797024349  | 0.6404107662446703   | 0.24166666666666667  | 0.7171561051004637
48767                | 49139                | 625.2253171665943    | 372                  | 1440                 | 0.1089175844407321   | 0.6509026118956887   | 0.25833333333333336  | 0.7570361627220741
48682                | 49031                | 611.929408572265     | 350                  | 1440                 | 0.10762386094061391  | 0.6426844921541961   | 0.24305555555555555  | 0.7138341049540087
48570                | 48945                | 621.3914003547397    | 375                  | 1440                 | 0.10817287808456288  | 0.643457114379879    | 0.2604166666666667   | 0.7661661048115231
48572                | 49026                | 621.2513427780941    | 454                  | 1440                 | 0.10858624804656578  | 0.6462387454750285   | 0.31527777777777777  | 0.9260392444825195
49087                | 49477                | 634.7192049436271    | 390                  | 1440                 | 0.10769022253309446  | 0.6460351021936872   | 0.2708333333333333   | 0.7882450431513633
48198                | 48597                | 613.4184397546342    | 399                  | 1440                 | 0.108166481473455    | 0.6388025285516832   | 0.27708333333333335  | 0.8210383356997345
48559                | 49028                | 635.502932724834     | 469                  | 1440                 | 0.10841862617870444  | 0.6430274292607188   | 0.32569444444444445  | 0.9565962307252998
48645                | 49021                | 618.5234535896452    | 376                  | 1440                 | 0.10860799376971232  | 0.6478351706222681   | 0.2611111111111111   | 0.7670182166826461
49083                | 49539                | 648.7881010363344    | 456                  | 1440                 | 0.10820940468129521  | 0.6476019590085884   | 0.31666666666666665  | 0.920486889117665
48352                | 48745                | 624.3269326605368    | 390                  | 1440                 | 0.10786118215447629  | 0.6375928375228445   | 0.2708333333333333   | 0.8000820596984306
48457                | 48761                | 560.3438239544048    | 307                  | 1440                 | 0.10634713888403728  | 0.6379194796536969   | 0.21319444444444444  | 0.629601525809561
48488                | 48836                | 629.7898565243813    | 347                  | 1440                 | 0.10875849084005162  | 0.6449241315458415   | 0.24097222222222223  | 0.7105414038823819
48736                | 49148                | 638.8278519089217    | 413                  | 1440                 | 0.10844363501835416  | 0.6453398583156027   | 0.28680555555555554  | 0.8403190363799138
48497                | 48907                | 629.44331851264      | 410                  | 1440                 | 0.10865197794318446  | 0.6444429577833349   | 0.2847222222222222   | 0.8383258020324289
48600                | 48990                | 618.5178744882578    | 390                  | 1440                 | 0.10805247576148137  | 0.6434800662081244   | 0.2708333333333333   | 0.7960808328230252
48579                | 48994                | 602.7819684512797    | 415                  | 1440                 | 0.10726161185671355  | 0.6399894707348317   | 0.2881944444444444   | 0.8470424949993876
48585                | 49024                | 629.7824107798515    | 439                  | 1440                 | 0.10844975082044873  | 0.6443375665482218   | 0.30486111111111114  | 0.8954797650130549
48692                | 49034                | 596.9061442302773    | 342                  | 1440                 | 0.10642114534551099  | 0.6367721946801184   | 0.2375               | 0.6974752212750336
48615                | 48987                | 607.1479393707123    | 372                  | 1440                 | 0.10789278032404928  | 0.6441901762376167   | 0.25833333333333336  | 0.7593851429971217
48673                | 49011                | 598.9683894547634    | 338                  | 1440                 | 0.10765982200615058  | 0.6445930101125967   | 0.23472222222222222  | 0.6896411009773317
48373                | 48700                | 575.2087174115004    | 327                  | 1440                 | 0.10615238711740438  | 0.6333041635568409   | 0.22708333333333333  | 0.6714579055441479
48767                | 49110                | 629.1864807525417    | 343                  | 1440                 | 0.10842659319120114  | 0.6469579982521882   | 0.23819444444444443  | 0.6984320912237834
48636                | 48973                | 624.072824044677     | 337                  | 1440                 | 0.108734339630711    | 0.6478900193016883   | 0.23402777777777778  | 0.6881342780715904
48574                | 48914                | 592.7921589489561    | 340                  | 1440                 | 0.10682373987166441  | 0.638280944281058    | 0.2361111111111111   | 0.6950975180929795
48521                | 48908                | 619.7795436314191    | 387                  | 1440                 | 0.10873093854188118  | 0.6466911028663784   | 0.26875              | 0.7912815899239388
48670                | 48999                | 599.945798439614     | 329                  | 1440                 | 0.10724937800843143  | 0.6416756437733054   | 0.22847222222222222  | 0.6714422743321292
48743                | 49089                | 622.0374740191619    | 343                  | 1440                 | 0.10804210807589397  | 0.6449634608911899   | 0.23819444444444443  | 0.698730876571126
48867                | 49255                | 627.6709401010303    | 391                  | 1440                 | 0.10718136856553304  | 0.6403488803338012   | 0.27152777777777776  | 0.7938280377626638
48825                | 49223                | 636.1897164802649    | 398                  | 1440                 | 0.10887326466954819  | 0.6499285799762665   | 0.2763888888888889   | 0.808565101680109
48933                | 49414                | 651.9178928565234    | 481                  | 1440                 | 0.10926634718521706  | 0.652020020460122    | 0.33402777777777776  | 0.9734083458129275
48892                | 49283                | 664.3088717670762    | 391                  | 1440                 | 0.10912020299044015  | 0.6487399286672113   | 0.27152777777777776  | 0.7933770265608829
48652                | 49047                | 650.917864414514     | 395                  | 1440                 | 0.10952508752730696  | 0.6496978816123791   | 0.2743055555555556   | 0.80534997043652
48291                | 48674                | 574.5515162558877    | 383                  | 1440                 | 0.10650784886559636  | 0.6345641276694667   | 0.2659722222222222   | 0.7868677322595226
48555                | 48932                | 612.3361756773666    | 377                  | 1440                 | 0.10774682173078316  | 0.6415507003163259   | 0.26180555555555557  | 0.7704569606801276
48517                | 48866                | 611.0395390031626    | 349                  | 1440                 | 0.10728062000286263  | 0.638070803258642    | 0.2423611111111111   | 0.7141980108869153
48669                | 49070                | 637.5092393621453    | 401                  | 1440                 | 0.1084063431091801   | 0.644209722313805    | 0.27847222222222223  | 0.8171999184837986
48492                | 48824                | 587.3398019760498    | 332                  | 1440                 | 0.1070266435604172   | 0.6392130719292312   | 0.23055555555555557  | 0.6799934458463051
48741                | 49134                | 662.4795758769615    | 393                  | 1440                 | 0.10909412398216263  | 0.6465600595582808   | 0.27291666666666664  | 0.7998534619611675
48410                | 48731                | 583.2483177196118    | 321                  | 1440                 | 0.10693065072213964  | 0.6379598312052911   | 0.22291666666666668  | 0.658718269684595
48569                | 48870                | 581.777760754514     | 301                  | 1440                 | 0.1067106036246542   | 0.6389701269468612   | 0.20902777777777778  | 0.6159197871905054
48458                | 48830                | 605.8141521298094    | 372                  | 1440                 | 0.10725304675662793  | 0.6377311305378279   | 0.25833333333333336  | 0.7618267458529593
48561                | 48998                | 640.5269692155416    | 436                  | 1440                 | 0.10831485143629213  | 0.6415744084981421   | 0.30277777777777776  | 0.8898322380505327
48798                | 49193                | 636.7309446426225    | 396                  | 1440                 | 0.10833419638624348  | 0.6457587887455267   | 0.275                | 0.8049925802451569
48621                | 49042                | 630.8920841042418    | 419                  | 1440                 | 0.10828381560690904  | 0.6436583518322416   | 0.29097222222222224  | 0.8543697239101179
48583                | 49004                | 615.1337410815759    | 423                  | 1440                 | 0.1079338081403841   | 0.6429012100284014   | 0.29375              | 0.8631948412374499
48742                | 49135                | 614.8986841824953    | 393                  | 1440                 | 0.10738004884304829  | 0.6414996351792199   | 0.27291666666666664  | 0.7998371832705811
48897                | 49250                | 635.655115294212     | 353                  | 1440                 | 0.10783537172700822  | 0.6440686434210056   | 0.24513888888888888  | 0.716751269035533
48331                | 48664                | 597.7109420001507    | 332                  | 1440                 | 0.10713208347779354  | 0.6360466154775596   | 0.23055555555555557  | 0.6822291632418215
48615                | 49022                | 629.0976961104898    | 408                  | 1440                 | 0.10776969293913603  | 0.6403602008235497   | 0.2833333333333333   | 0.8322793847660234  
47969                | 48339                | 597.2307836377295    | 370                  | 1440                 | 0.10784680066267904  | 0.6355032684009517   | 0.2569444444444444   | 0.7654275016032602
48677                | 49044                | 621.6464755348279    | 367                  | 1440                 | 0.10834182467285355  | 0.6461338354418948   | 0.2548611111111111   | 0.7483076421172824
48159                | 48509                | 597.8324820783455    | 350                  | 1440                 | 0.10785237509247306  | 0.6383779571876339   | 0.24305555555555555  | 0.7215155950442186
48828                | 49352                | 676.7846924500773    | 524                  | 1440                 | 0.10935561413665465  | 0.6476560351009142   | 0.3638888888888889   | 1.0617604149781164

Average response time: 0.10800512807901114
Average server utilization: 0.6428717888849096
Average drop rate: 0.26725837138508385

Variance response time: 5.493456486393456e-07
Variance server utilization: 1.4626769426183994e-05
Variance drop rate: 0.0007655078959124332

Confidence interval response time: 0.10800512807901114  8.767683243125838e-05
Confidence interval server utilization: 0.6428717888849096  0.00045241418628114556
Confidence interval drop rate: 0.26725837138508385  0.0032729309595831988

Repetitions needed for response time: 0.00021103662438129098
Repetitions needed for server utilization: 0.005619019742762844
Repetitions needed for drop rate: 0.2940775132937203